0.000000
17.904281
10.688452
15.451118
22.652629
8.775502
37.774664
19.525692
18.222853
9.233371
17.574417
22.920937
21.924479
15.115041
12.511539
16.883403
10.822884
7.781677
17.117135
13.096265
33.978954
14.252329
19.679774
8.368097
17.526744
24.768708
33.693321
31.734831
28.904453
15.234021
20.004498
33.571704
50.601574
27.716742
35.320207
38.600520
31.582695
9.679852
28.072770
13.777038
13.357557
36.840083
21.446766
20.095107
50.006957
15.840103
10.600415
16.479990
51.457817
24.571043
18.013887
8.500139
38.402031
5.312435
22.101512
32.879937
20.501266
21.765417
9.794744
10.003364
23.788209
10.086746
24.449881
47.861631
71.217486
14.006135
12.466048
10.583549
39.447417
31.412626
9.171219
28.949392
6.420509
25.418663
18.189140
24.477875
23.052133
25.435104
43.644352
23.784709
15.299012
28.248048
29.980083
11.701667
39.975338
33.679620
29.301167
10.647099
14.436371
31.065090
15.105445
19.163528
8.380739
31.166737
24.408360
8.283204
8.437313
9.159227
19.929294
25.178337
14.930578
29.043362
16.725494
15.652656
12.863686
18.745857
30.316402
35.028089
22.172179
18.188116
22.467344
54.413044
40.614462
43.510057
79.937477
25.708281
50.352714
26.303894
19.261028
17.418887
45.246600
20.805572
25.800222
52.130288
23.873679
6.843928
34.098749
30.590332
15.536339
10.946777
27.889180
21.143094
31.862703
11.942587
10.068066
15.334016
11.992613
9.777960
33.625852
20.924847
11.089944
38.682576
39.760307
14.081249
11.010377
41.480016
53.326006
22.123031
23.880594
26.089555
13.454338
18.816244
29.183887
40.642587
32.319014
78.004540
16.962268
18.511532
9.661982
16.662608
36.419168
30.539230
52.718270
26.163940
21.528519
22.771041
11.526085
33.530852
90.592712
7.235053
37.125720
45.476580
12.046594
26.033501
7.339251
16.238422
11.901965
6.962229
19.630459
17.907645
36.927513
13.945118
24.956922
50.245223
65.494512
48.077939
10.944383
58.634844
42.756734
29.656317
40.396895
32.344195
57.136566
26.335510
27.746725
21.650109
10.192569
13.211414
