0.000000
79.823599
7.059847
39.995666
7.349247
25.438587
6.535100
3.000705
5.529601
3.001344
7.651197
3.000681
75.555227
10.626837
13.993320
5.597336
3.000949
23.591498
7.079631
3.001578
28.231629
34.323378
7.027859
34.123059
8.278492
11.745430
24.749603
6.363711
15.087481
13.122305
19.871087
25.487862
5.861274
10.871596
44.184536
7.859265
33.027452
72.046613
49.088784
31.446235
17.508779
6.046711
11.275190
22.794403
52.047965
73.247946
25.550537
11.551363
12.290446
8.932123
36.804124
17.214702
36.305506
42.184670
66.257813
28.681433
12.552706
16.224513
18.948065
14.186191
34.282440
17.530197
22.886092
14.255568
3.000861
3.001670
37.872168
29.840020
16.051775
26.902998
17.952084
24.305705
12.112422
24.078136
48.517083
25.901597
17.854529
34.236629
14.662050
7.352019
3.001093
40.433796
43.326348
24.388560
15.073582
16.218114
9.776697
3.000741
12.276033
3.000697
19.240806
14.498471
30.157024
29.134652
17.937154
20.612802
8.645925
3.001408
35.959820
44.880289
23.238466
11.377511
27.797858
42.073819
16.207514
19.953619
24.980883
34.149342
17.058455
12.698541
50.125348
34.960684
10.152448
19.389387
3.001473
10.803925
11.561284
56.876090
12.389147
15.640748
26.965357
23.850841
3.001395
15.457916
25.012206
27.488949
3.019569
34.582670
39.693867
34.404417
23.458464
14.251491
30.668840
3.000897
11.979784
15.701445
37.662601
18.451488
9.260225
32.302896
18.617916
17.043873
26.652609
36.747668
49.286216
34.490543
22.398028
33.389643
20.263778
29.683474
13.176995
20.095254
9.898806
3.012090
41.032032
10.748659
24.252316
13.162049
35.419099
27.172464
39.985374
38.657216
27.203829
24.988014
10.959015
21.991027
22.956566
52.619272
34.827046
20.977491
27.200947
30.236945
16.523807
15.457214
20.386369
23.318588
25.391737
17.438401
18.708665
27.289210
14.328002
20.958812
36.318143
19.365402
18.935130
14.985076
33.377404
15.720055
25.023038
17.756374
35.864328
15.334640
23.181260
33.663971
37.952122
18.917587
13.681986
42.434616
20.870651
64.110964
26.520772
13.267632
30.153379
38.844638
12.432495
3.001139
38.300378
42.885772
7.742722
3.001138
32.255478
6.018834
3.000554
70.671195
22.079531
17.578250
43.774918
23.939564
34.139326
5.708522
15.577446
