0.000000
39.109521
12.170026
24.599968
12.985153
20.182946
23.770059
22.473375
47.754204
33.935128
29.701198
43.112787
15.210362
21.976021
10.253078
14.310731
10.475185
7.357191
15.663415
13.688688
37.462895
17.829578
20.864219
14.444103
40.030985
9.534670
25.524812
22.363730
25.560890
12.087266
4.207106
3.000492
8.578327
4.610155
37.783925
32.868350
10.090656
21.250080
14.563510
16.313144
17.637126
5.044901
20.265584
17.420456
12.880739
13.807572
14.981529
10.940087
28.215230
6.753731
31.518668
19.906194
18.937072
12.290364
19.129529
20.434564
12.757141
15.970644
18.969508
11.995724
17.970890
39.371615
6.418628
12.490068
15.142635
13.228374
10.421637
15.500101
10.066533
9.874364
20.347450
8.675407
12.047677
7.559406
4.809865
3.000998
8.435575
24.935396
10.869360
9.965642
10.774232
10.681358
24.188804
4.508157
14.205335
22.648018
27.010641
24.504592
26.046331
7.865048
20.450737
16.635496
9.472832
12.350985
14.601226
9.161934
9.877521
27.530005
10.389220
33.351982
6.316320
35.402706
28.018896
20.781492
18.236717
10.941237
10.882767
15.106288
21.280171
28.771711
32.582750
9.432963
16.811879
23.521970
9.069782
16.474332
15.598629
13.387843
11.520129
9.563421
24.406865
25.701001
16.565289
7.657135
16.522002
23.443420
9.535660
22.098388
10.985709
8.356865
11.902802
27.549419
14.013457
11.276754
8.843397
8.869339
13.143749
16.873186
14.333282
19.566335
26.009215
11.590146
38.006573
11.142592
10.609928
21.183338
21.481228
12.092457
17.538136
8.751007
14.099508
14.137118
15.491752
6.321388
20.272116
15.222214
20.132659
26.201797
8.532026
26.134918
31.893193
8.074882
20.976964
9.048717
20.351823
14.725066
24.305106
14.924349
8.588317
10.274864
9.455947
11.759477
12.046844
5.131623
20.096146
7.460810
15.492302
