0.000000
2.000597
13.578077
5.615457
5.921184
50.219349
9.863117
17.372970
27.284375
149.414067
20.149066
16.760379
57.736464
30.487485
93.068492
21.942441
46.811924
34.164733
49.707510
7.319580
24.274025
19.458018
67.484034
76.266189
22.135725
97.950942
35.674089
54.123938
21.414968
12.181179
39.895060
18.153840
17.005189
12.255041
21.493930
8.351925
41.356568
57.839419
10.789948
35.019908
51.743460
15.381661
9.858721
91.052180
54.675443
18.609211
34.400187
10.855580
50.002417
14.753084
41.153939
45.606765
12.853045
