0.000000
22.541587
6.143855
7.197425
5.823150
5.518851
7.345137
5.217553
16.187800
23.218816
71.966206
7.755805
10.242832
36.470784
24.731695
34.272706
13.831583
18.418487
9.841249
11.190643
16.910127
33.653379
52.235283
25.119244
6.398173
9.440752
6.864630
2.001259
7.568592
25.123712
9.967551
16.899817
18.896888
7.049992
7.398693
45.942508
30.837185
22.215981
12.119410
6.280518
7.431704
10.364865
25.091883
53.279660
13.628530
7.867041
8.627100
4.414927
2.001407
19.834280
8.338250
5.192954
12.191041
26.452087
42.534118
7.344497
18.022170
9.891624
7.284558
31.766669
18.996390
15.259098
16.105345
20.185433
13.403438
18.994611
5.954434
2.001405
9.605761
7.127888
2.000765
10.919997
11.665534
22.033566
17.765350
17.582241
7.670237
12.354092
13.421126
24.178092
6.578286
27.974373
7.496362
12.405494
31.607890
23.493057
6.395135
12.972893
19.852748
7.835589
13.919143
10.170024
17.423018
9.967112
16.316996
17.952700
9.784731
11.613266
23.616972
12.977527
16.975781
13.404107
28.781278
9.625298
7.230982
16.279046
9.063866
9.390644
12.682374
6.354662
11.019737
19.990922
31.437462
19.867609
9.246611
10.922873
30.477918
17.884402
7.569686
10.613359
9.876482
10.815032
28.474976
11.319729
47.639286
12.763278
21.955430
421.127104
387.514445
386.012977
389.015257
397.546073
410.446193
412.694227
428.618014
451.571070
544.074191
2.000772
2.001211
145.338264
277.157981
444.926537
399.715958
396.877358
393.790051
