0.000000
6.660010
8.141890
23.602390
5.753073
10.593991
35.441107
43.906667
3.000644
17.000739
20.974548
88.049370
23.776253
3.001114
22.628308
49.591887
3.000952
3.007571
76.809702
3.000950
76.706980
3.001048
3.001130
43.417999
7.056092
3.000520
14.525807
3.000939
17.249005
73.182701
3.000747
30.863407
3.000821
37.248499
3.001312
21.886161
3.001412
24.875198
25.784793
3.000514
3.001480
19.239826
3.000987
14.395933
47.198531
3.001184
18.106898
98.287390
3.000768
3.001167
19.017896
3.001263
3.000968
16.157510
13.598396
3.001028
19.458890
21.877673
33.709990
3.000258
34.799863
56.648633
18.085546
52.046202
56.303319
21.881739
3.001310
49.406350
66.170762
3.023074
17.666445
3.001166
3.001034
14.824295
3.000464
25.405952
26.843569
3.000762
3.001352
12.490291
10.376887
13.994818
33.082322
27.001167
73.094174
3.001575
93.669838
3.031176
12.084424
3.001025
23.805411
53.633950
26.732937
83.287118
56.104963
3.000504
3.000450
52.103595
3.001584
24.644336
27.918087
3.012406
20.801059
45.614274
28.399313
19.445979
3.000988
36.304954
68.302136
24.247132
3.000622
3.031543
24.474885
3.001176
31.971823
29.938805
24.407385
12.787330
17.043494
10.481711
3.001380
3.001011
6.217378
3.001088
3.000574
23.033453
39.881325
3.000600
18.563117
3.001278
28.721342
3.001528
10.439755
3.001669
3.000747
25.548830
3.001462
42.757228
3.000991
43.861170
51.044284
14.403486
3.000618
34.567186
22.834674
24.355268
3.001285
75.032596
30.149373
15.511300
3.001327
33.378374
3.001156
3.000285
10.484364
71.866958
75.848328
3.007823
56.096660
39.991534
15.729590
3.031684
46.974124
3.001454
8.872775
36.553065
25.999701
30.534467
3.001091
10.058077
47.464118
29.483467
3.001444
70.240920
3.000530
20.058093
3.000730
3.022807
3.000705
24.426527
30.078323
3.034045
3.001244
32.807408
27.020198
3.000574
20.293162
29.893111
3.015225
43.663581
13.604480
3.000888
8.265055
3.001555
49.733749
3.001396
28.800032
3.001055
3.001148
37.691630
3.000736
25.139330
3.001347
3.001770
23.920353
3.001395
20.988308
3.000633
61.593624
3.025799
3.001895
3.000708
24.776545
3.001370
3.002095
41.057077
3.000836
11.792574
11.457996
12.481487
3.000789
35.287203
3.000986
33.526388
3.000365
35.186850
3.001162
3.000973
28.512663
3.000734
19.487055
3.008935
3.000741
34.514188
3.000480
58.453801
3.000973
80.696383
20.973754
3.000921
34.004273
3.000793
3.001168
26.962118
3.000913
32.025202
3.000804
14.337462
15.330178
41.467372
