0.000000
11.371969
8.749505
3.000854
49.554787
39.685567
42.914107
48.265749
47.308591
53.903444
25.267970
51.609334
47.287903
24.025597
20.509273
38.473047
67.735551
3.001468
50.559279
40.299226
53.166791
21.679423
59.109147
57.569538
37.050041
44.930927
51.217971
57.158679
25.843928
61.238414
54.577261
28.235644
21.727426
60.773565
48.236238
43.949783
41.702287
47.193102
52.741945
55.120195
52.890452
47.551539
49.546603
22.482532
51.368276
43.216370
45.379765
45.351961
37.901771
48.840893
39.142738
37.959400
41.184847
48.117435
52.785435
29.267587
3.001136
51.061441
42.580795
46.582358
48.353725
60.049426
55.320830
45.244403
54.168358
51.909365
42.827079
53.444502
40.333361
43.851820
56.952413
40.699590
36.083543
54.232458
47.460868
39.007743
49.623726
46.335085
58.284945
50.549699
60.028796
39.412420
44.435883
39.992924
54.147177
32.204780
50.517736
49.094487
37.937065
29.674612
3.834857
44.998172
52.580516
56.616411
48.887756
39.583781
43.828222
47.647105
48.127758
60.883085
65.612180
44.425098
42.557715
54.688972
32.318797
47.443044
55.609960
47.533835
37.989040
54.548436
62.275176
54.251232
52.299441
50.613741
54.454920
49.231028
58.597909
44.123418
57.817066
52.455264
47.702555
56.144557
35.670875
52.759398
56.462257
38.437963
38.858821
3.001085
44.071228
54.552277
60.150204
46.049093
61.316398
44.840441
49.899933
41.213252
44.930293
41.911998
54.733590
36.809444
56.750352
55.495183
50.196629
47.321228
49.828521
54.480209
29.600963
58.257373
40.518129
36.927392
46.153919
54.498691
45.221157
49.037945
64.170360
43.736270
60.718916
48.317252
53.102834
56.502726
45.087050
4.360692
3.000185
47.448285
68.213725
30.126588
38.791691
58.050458
48.239996
3.000890
46.606513
41.959763
32.115132
49.879251
35.640359
36.886436
38.673970
31.795161
47.706974
39.285094
3.002713
52.665661
56.577415
33.752418
42.605997
45.609627
39.914843
50.498828
32.446668
35.992828
42.754876
53.078700
46.173363
46.267136
49.879938
54.220416
54.776714
4.749728
3.000422
40.359667
7.539428
46.034524
57.404169
33.336765
7.491113
3.000946
3.000610
3.000847
3.000931
45.660727
3.068501
44.522588
3.093457
45.346693
3.001154
3.000918
39.133945
3.001052
60.537261
58.360255
46.146669
7.712080
45.135042
3.001251
50.602357
48.921556
56.714583
55.590077
40.715555
12.681265
42.529593
53.006000
31.726508
3.000899
3.687866
3.000583
44.137419
3.001351
52.549250
37.310290
3.001251
47.532247
53.611236
43.083078
3.000476
3.001011
51.333707
3.001363
54.094455
3.000433
53.589038
33.772275
3.000956
29.973498
4.415715
3.084300
48.312468
14.064554
46.158942
47.357702
12.408174
27.754656
3.001314
50.235677
50.821782
35.554554
50.837029
50.644328
30.554069
3.022430
54.302510
53.774548
50.830881
42.505716
48.647936
49.487375
38.379789
44.330539
27.327648
3.001229
47.951682
40.974010
40.085006
40.702924
44.864823
32.993701
3.001532
43.590916
47.456948
50.400603
32.279786
47.215998
47.118516
50.018097
38.778627
46.729331
42.580245
26.726945
27.406880
49.997257
41.463068
55.867521
61.072801
43.187877
29.834347
57.804906
4.115027
3.037598
3.015715
52.253354
51.158724
29.397100
36.017233
45.858816
41.266371
59.789035
30.146304
3.001290
49.416790
51.262371
55.137419
38.684414
44.792325
31.005593
3.000898
50.081291
43.306059
48.619406
44.649804
53.370764
46.510014
51.316595
38.104378
49.119305
53.766845
21.485474
62.524692
40.443469
39.044612
39.112656
30.355149
53.486664
41.079600
31.238861
50.433289
49.923301
33.659552
45.823416
52.781705
6.078614
3.000592
3.000818
43.009658
53.849514
47.253204
46.679723
54.501774
44.665074
4.812095
3.042395
3.000623
48.458025
44.877800
47.868028
49.631281
28.286929
8.157537
60.520755
40.555104
49.851601
49.601190
52.906626
46.268767
34.188321
55.571383
49.067019
32.055416
64.648079
