0.000000
2.001488
7.605057
97.677675
51.233884
58.513509
36.885137
9.362486
55.875467
111.297683
11.416812
21.285319
25.171813
5.212973
87.836122
43.030073
18.144801
21.405239
50.942965
80.770234
118.723343
9.033310
27.952273
36.161214
42.266050
62.231894
7.905007
63.324305
19.466990
19.545631
14.428361
26.764665
21.610340
29.406024
11.041816
97.890862
69.193185
5.998918
46.241700
87.419631
28.387922
59.561441
22.722158
48.343802
23.345038
82.250322
52.815490
22.201189
45.966739
12.973626
103.345917
19.982704
170.856853
20.801241
12.961886
5.471339
51.827186
167.620475
31.600098
14.061643
30.464285
28.802239
71.627806
113.929225
46.617787
70.648649
38.688946
29.974216
26.193470
11.610917
13.060023
56.813755
20.549221
27.765539
66.594543
91.878319
40.891162
17.628113
24.375358
36.821158
56.900241
14.770820
25.194740
97.034434
27.860836
206.229866
29.687198
102.365617
39.578041
20.504302
24.156396
13.770754
73.175854
69.856977
11.057443
9.184566
26.778409
28.620371
24.702112
6.480501
152.420413
23.079528
23.541634
86.396025
35.001132
91.910710
20.564472
93.150519
31.391515
7.912964
19.935368
19.021694
27.574982
46.929342
47.228919
8.339852
12.704162
53.705184
15.474065
148.393419
24.057741
33.688926
29.323249
49.812923
36.582906
116.236468
31.129135
138.347520
84.776981
30.828800
92.723309
24.531431
68.323065
24.515272
129.109420
34.523741
33.512966
10.807187
99.165323
139.466043
8.009159
25.771161
88.835699
26.463892
31.253052
67.644209
18.184973
11.812211
54.622882
111.131899
16.430694
27.569120
28.090714
26.651217
41.147174
30.514504
41.689722
10.120221
14.325775
23.514277
31.417021
31.799875
22.474297
14.569054
99.867091
38.997301
39.982682
11.709503
18.223349
23.196939
14.102895
21.163042
92.907143
15.043239
77.645670
30.647719
81.014773
12.436276
31.974471
12.753642
15.856319
44.444903
56.922644
29.137194
21.922829
15.699749
12.177837
15.217019
63.399380
85.756039
57.249885
28.472236
27.151535
34.732648
40.120834
14.320081
54.356236
59.432795
19.049021
21.021923
36.221964
17.913817
43.664625
19.482861
60.159462
19.658431
27.659741
40.166925
48.984207
23.398621
59.796281
17.182490
30.619357
27.326406
28.381768
48.365597
21.664621
17.678382
31.731798
27.951493
23.540815
10.682197
23.279059
20.990609
17.490102
66.882652
35.324197
35.731731
37.101924
52.805740
69.546710
24.509365
33.965303
23.119663
11.220179
23.375859
79.669767
43.100081
19.412729
8.708186
32.105029
25.097713
20.457608
25.245278
19.417910
35.053327
18.436345
5.827851
58.549009
45.262618
21.287278
20.218309
63.915632
11.748522
10.912479
24.834388
29.491123
17.265083
10.557722
60.919872
8.718933
26.274052
12.443508
17.174032
77.264626
62.733861
49.099984
9.777271
16.351605
18.890939
34.319245
33.254206
59.552969
26.169288
100.416644
28.772661
27.998237
47.434143
25.567877
69.988717
18.631474
79.041642
33.051913
19.390491
45.727062
17.724724
20.303477
12.581586
21.418969
23.457891
31.772567
8.285979
23.762772
28.804919
18.863553
47.135741
20.680028
46.018779
63.747271
33.783656
71.456584
21.444941
14.945860
37.300098
61.390891
29.417602
15.291077
11.484029
20.699121
15.856941
40.479531
27.866519
20.470102
96.940345
23.061425
53.072248
34.241966
33.610548
58.740541
106.670893
23.690147
33.251123
49.540506
53.014110
12.734252
38.066364
35.102628
58.435847
16.155598
48.001060
14.251456
49.298038
49.340663
26.593562
24.404872
64.137166
78.227086
38.978827
43.544466
16.418275
28.755131
51.303855
25.294169
127.057430
26.625059
51.810689
49.951431
22.245778
39.761379
14.006039
19.319790
24.169010
27.643656
37.093146
62.000190
15.629413
23.179397
15.351032
49.164469
23.717077
18.895496
17.277100
105.962908
32.113516
27.924484
15.637871
35.113325
37.554785
24.064094
40.994500
13.025374
25.704232
7.486258
38.212604
15.887443
33.203438
14.812044
9.258725
18.207018
15.638835
41.346875
8.619946
30.687431
26.895225
47.560762
16.713091
47.948154
32.361372
26.432924
13.752195
45.136260
16.197499
39.968458
26.289743
49.178386
21.662496
88.074892
10.209631
56.780572
26.666053
54.055440
13.025898
61.450612
22.757944
49.512211
26.255123
10.821332
21.712624
12.407666
17.692534
42.455899
78.470840
45.926603
29.156287
33.837901
112.084057
46.508559
76.770586
40.869566
95.507951
67.764626
75.601781
28.328676
30.750145
105.010778
27.783074
67.935556
62.332046
58.812597
45.114415
41.374739
39.174024
17.716746
63.030011
102.624130
33.553396
28.071636
35.193191
50.943176
48.334360
32.945686
120.575187
