0.000000
4.006950
9.768533
9.461771
6.550230
5.338372
4.810004
9.267289
6.347977
3.001441
6.051503
19.050195
368.101838
379.324698
394.882467
435.740823
7176.069536
3.001402
3.001056
3.000745
3.000953
3.000886
3.001273
3.011182
3.000887
3.001032
3.001042
3.000628
3.000428
3.007496
3.000785
3.000362
3.000890
3.002488
3.000708
3.000963
3.006262
3.001245
3.022923
3.000410
3.000747
3.001293
3.000802
3.000465
3.001696
3.012344
3.000808
3.000816
3.007178
3.000426
3.002829
3.000571
3.001714
3.000696
3.000929
3.000578
3.001019
3.000485
3.000752
3.000695
3.000801
3.000509
3.001208
3.003130
3.000476
3.000857
3.000551
3.000498
3.000886
3.000412
3.000381
3.000598
3.000565
3.000439
3.000502
3.000883
3.000827
3.000929
3.000769
3.000511
3.000678
3.000471
3.000506
3.000345
3.000582
3.000812
3.000888
3.000940
3.000691
3.000635
3.000812
3.016597
3.001173
3.004087
3.000731
3.001306
3.000872
3.001354
3.001125
3.001228
3.000466
3.000903
3.031379
3.001184
3.000476
3.000537
3.000427
3.000766
3.000690
3.000653
3.016837
3.004513
3.000559
3.000769
3.001266
3.001016
3.022052
3.000497
3.001121
3.001159
3.000672
3.000916
3.000718
3.000575
3.000887
3.001575
3.001338
3.003808
3.000624
3.000955
3.000444
3.000883
3.000945
3.001071
3.000882
3.000913
3.000644
3.000442
3.000609
3.001262
3.001071
3.000728
3.000381
3.003137
3.000710
3.001179
3.000729
3.000961
3.019637
3.000483
3.001015
3.000794
3.000787
3.000632
3.001214
3.003118
3.000920
3.000435
3.000463
3.000613
3.000926
3.000942
3.001001
3.001319
3.000952
3.006278
3.000964
3.000799
3.001066
3.000965
3.003584
3.018411
3.000894
3.000588
3.001484
3.000911
3.000498
3.000870
3.000464
3.000656
3.000807
3.000782
3.000679
3.001218
3.001180
3.001590
3.000753
3.000975
3.001071
3.009081
3.000928
3.000533
3.000577
3.000514
3.000742
3.000695
3.000950
3.000616
3.000929
3.000480
3.001943
3.000595
3.002916
3.001465
3.000558
3.000741
3.000467
3.010194
3.001271
3.000888
3.001551
3.000492
3.000900
3.000736
3.000502
3.001842
3.001325
3.009712
3.000656
3.000450
3.000882
3.001050
3.010305
3.000724
3.000603
3.000715
3.000899
3.000582
3.000924
3.000753
3.000669
3.000852
3.000695
3.000598
3.000847
3.000670
3.001240
3.009300
3.001210
3.030414
3.002194
3.001692
3.000679
3.000815
3.022081
3.000533
3.000757
3.000496
3.000390
3.000710
3.000571
3.000553
3.000854
3.000826
3.017337
3.000877
3.000515
3.000569
3.001340
3.000714
3.001132
3.000658
3.001047
3.030251
3.000779
3.000764
3.000905
3.000697
3.001255
3.000802
3.000703
3.000859
3.001442
3.000983
3.001301
3.000662
3.001001
3.000872
3.001044
3.001116
3.000817
3.000961
3.000590
3.000445
3.001070
3.000376
3.001535
3.000833
3.000564
3.001118
3.000837
3.000580
3.001144
3.000391
3.000659
3.000739
3.007019
3.000820
3.000774
3.030585
3.020674
3.001283
3.000894
3.000929
3.000832
3.000933
3.000957
3.000806
3.001541
3.000890
3.000879
3.001338
3.001356
3.000573
3.000626
3.002660
3.001027
3.001501
3.000449
3.000757
3.000585
3.000601
3.001309
3.000622
3.000541
3.000773
3.001430
3.000499
3.017916
3.001464
3.001698
3.001331
3.000721
3.001067
3.000845
3.000936
3.000444
3.001124
3.036361
3.000639
3.001462
3.000494
3.001010
3.001036
3.014338
3.000807
3.002850
3.000507
3.000608
3.000845
3.014467
3.001702
3.001029
3.000980
3.000688
3.000560
3.000487
3.000587
3.000768
3.000479
3.000778
3.000868
3.000778
3.000931
3.000440
3.000676
3.000444
3.000979
3.000760
3.001386
3.000753
3.000871
3.000445
3.016006
3.001175
3.000693
3.014206
3.000860
3.000598
3.011121
3.001525
3.000804
3.000483
3.001578
3.014363
3.001508
3.001785
3.013145
3.000486
3.000625
3.000747
3.001033
3.000702
3.000814
3.000479
3.000486
3.001261
3.000486
3.000864
3.000874
3.000643
3.000464
3.001534
3.000751
3.000363
3.000549
3.001783
3.019854
3.000678
3.001474
3.001534
3.001374
3.002221
3.002783
3.001077
3.006132
3.000546
3.000669
3.007064
3.000833
3.000704
3.001245
3.000452
3.000772
3.000619
3.000581
3.000848
3.001364
3.000447
3.016985
3.000837
3.001606
3.001793
3.001075
3.000822
3.024961
3.001148
3.001082
3.000965
3.014327
3.000899
3.000940
3.000827
3.000575
3.000769
3.000543
3.000767
3.001209
3.004112
3.000430
3.000664
3.000535
3.000901
3.000487
3.001189
3.002363
3.000684
3.000434
3.000648
3.016255
3.000566
3.001338
3.000595
3.000470
3.000518
3.007491
3.000884
3.001086
3.000758
3.001338
3.000638
3.001400
3.000619
3.001688
3.000671
3.000936
3.000504
3.001333
3.004668
3.000740
3.000715
3.000476
3.000864
3.000367
3.000863
3.000528
3.001463
3.000618
3.001682
3.000692
3.000659
3.000505
3.001231
3.001593
3.001174
3.000969
3.001196
3.000602
3.000744
3.000862
3.000855
3.000438
3.001245
3.000762
3.000480
3.000660
3.000352
3.000426
3.001414
3.000489
3.000661
3.000661
3.000983
3.001052
3.000457
3.000546
3.003607
3.000680
3.000731
3.000919
3.000785
3.001107
3.000428
3.000684
3.000457
3.001002
3.000706
3.001991
3.000538
3.000809
3.001000
3.000572
3.001330
3.001279
3.001593
3.000719
3.023436
3.000989
3.001120
3.019675
3.001385
3.000966
3.001552
3.015551
3.000516
3.000715
3.000976
3.000768
3.001009
3.011345
3.000322
3.016738
3.000529
3.000366
3.000469
3.001061
3.000566
3.001511
3.000995
3.000404
3.003775
3.000733
3.000972
3.000692
3.001551
3.001170
3.001100
3.000527
3.000608
3.000527
3.000678
3.000618
3.000603
3.006606
3.001375
3.000894
3.000640
3.001005
3.001017
3.000770
3.001432
3.000472
3.000436
3.000439
3.000532
3.000731
3.001328
3.000572
3.013896
3.000426
3.001143
3.000663
3.000662
3.001314
3.000454
3.000483
3.000669
3.000877
3.001022
3.000686
3.000526
3.000871
3.002954
3.012249
3.001534
3.000613
3.000524
3.001103
3.014468
3.000809
3.000503
3.000664
3.000467
3.000686
3.000516
3.001079
3.001406
3.001368
3.001228
3.018788
3.003195
3.000630
3.000745
3.000463
3.000607
3.001798
3.000545
3.000645
3.000438
3.000538
3.000439
3.000963
3.005735
3.000805
3.013052
3.000859
3.000957
3.024632
3.000423
3.001187
3.001092
3.000770
3.000851
3.000519
3.000563
3.000573
3.001250
3.000926
3.000592
3.000796
3.000847
3.000978
3.000645
3.001230
3.000712
3.000518
3.000580
3.030991
3.000586
3.001467
3.000528
3.001540
3.000609
3.000974
3.000854
3.000305
3.001381
3.000483
3.000772
3.000698
3.007200
3.000700
3.000617
3.000735
3.001172
3.024455
3.001717
3.031726
3.000700
3.000732
3.001098
3.000537
3.001480
3.000956
3.000556
3.000480
3.000848
3.001347
3.008837
3.000530
3.000803
3.001133
3.001194
3.000401
3.000863
3.000851
3.003022
3.000374
3.001183
3.000811
3.000412
3.000413
3.000472
3.000418
3.001127
3.000391
3.001080
3.000333
3.001274
3.000650
3.000730
3.000623
3.000978
3.000482
3.000564
3.001310
3.001355
3.000371
3.000652
3.000559
3.001090
3.000754
3.000804
3.000981
3.001763
3.007895
3.000540
3.000455
3.000486
3.000854
3.001222
3.000875
3.000708
3.000430
3.001209
3.000583
3.000477
3.000644
3.018351
3.001390
3.000798
3.001050
3.000449
3.000404
3.027273
3.000651
3.001136
3.001131
3.001133
3.001152
3.000553
3.016938
3.000632
3.001322
3.000957
3.000440
3.000404
3.000458
3.012542
3.000835
3.000570
3.000660
3.001086
3.000627
3.031069
3.001180
3.000877
3.001415
3.000891
3.035233
3.001248
3.025376
3.001104
3.000535
3.000815
3.000593
3.001242
3.000775
3.001026
3.000377
3.000741
3.000345
3.001101
3.000736
3.000506
3.000690
3.000864
3.000855
3.001290
3.000858
3.000680
3.000546
3.000799
3.009279
3.000587
3.001991
3.000465
3.000425
3.001505
3.001343
3.000670
3.000891
3.000524
3.001568
3.000386
3.000595
3.000639
3.000638
3.000866
3.000933
3.000858
3.000807
3.000924
3.013999
3.000476
3.000572
3.001562
3.001402
3.000459
3.000721
3.000916
3.001523
3.000727
3.000423
3.013401
3.001518
3.000384
3.001156
3.001037
3.001283
3.000830
3.000546
3.025064
3.001461
3.000487
3.012234
3.000621
3.001015
3.001049
3.000955
3.000947
3.001403
3.005969
3.000835
3.000567
3.000879
3.000281
3.000782
3.000918
3.000507
3.000853
3.001245
3.009238
3.000561
3.020384
3.000799
3.000377
3.000329
3.001081
3.001237
3.012336
3.006672
3.000717
3.000599
3.000541
3.002001
3.000679
3.000500
3.009600
3.001062
3.000277
3.000572
3.000474
3.000473
3.011776
3.000403
3.000270
3.001341
3.000583
3.000636
3.000804
3.001468
3.001072
3.001464
3.001185
3.000760
3.000941
3.001043
3.001338
3.027247
3.000981
3.000568
3.000720
3.000755
3.001073
3.001552
3.000673
3.000751
3.000517
3.000796
3.023963
3.001385
3.000660
3.000466
3.000743
3.000464
3.000663
3.000509
3.001473
3.018855
3.000670
3.000936
3.000657
3.000529
3.000605
3.000774
3.001619
3.000291
3.001128
3.000442
3.000378
3.000640
3.001266
3.000610
3.000929
3.000470
3.000622
3.000584
3.000657
3.020294
3.000435
3.000560
3.001017
3.000574
3.000531
3.000512
3.001413
3.000590
3.001122
3.000723
3.000747
3.001226
3.000969
3.001047
3.000324
3.000662
3.001370
3.000765
3.000551
3.001685
3.001014
3.000485
3.025589
3.000710
3.001287
3.000616
3.017330
3.000787
3.001088
3.004648
3.000879
3.001185
3.000782
3.000484
3.001023
3.000608
3.000620
3.001333
3.000665
3.001206
3.000711
3.000861
3.001501
3.001238
3.000417
3.000426
3.001081
3.001315
3.001025
3.000550
3.000722
3.000490
3.000434
3.003145
3.000738
3.000794
3.001263
3.000921
3.001297
3.028338
3.001389
3.000924
3.000684
3.000965
3.003071
3.000705
3.000755
3.002309
3.000634
3.000397
3.001315
3.000456
3.000403
3.001346
3.000696
3.000831
3.000498
3.019755
3.001414
3.000527
3.001219
3.000951
3.000945
3.000418
3.001017
3.001261
3.000748
3.000541
3.000438
3.001571
3.001899
3.012990
3.000391
3.000443
3.000897
3.001460
3.000793
3.001022
3.000631
3.000448
3.000643
3.001776
