0.000000
15.944879
57.441483
5.215819
28.807056
14.618676
16.636532
3.000929
47.760989
39.193604
28.755791
8.033325
3.004291
16.829235
20.035775
15.596790
15.005192
21.638210
24.244957
58.501463
28.435061
36.064090
15.102816
28.720734
10.042059
3.001075
29.190048
9.803878
16.518935
46.675970
23.933388
28.659497
16.083804
18.620731
36.411431
40.932253
35.014581
51.791576
96.472949
13.603841
27.922759
34.276728
15.921542
15.287190
27.488782
35.363876
25.707402
106.176823
28.881830
46.313706
19.736267
18.759794
70.537920
66.924978
64.913058
99.456335
10.255095
19.247422
46.822482
8.635236
36.204571
33.614788
27.074154
18.825679
26.781033
40.567490
40.554030
193.563179
52.331017
39.700438
36.773538
49.329290
169.097687
76.393087
97.467724
93.361840
127.417206
65.871713
