0.000000
7.394463
17.566950
16.797720
14.348873
15.098621
5.711786
11.828732
16.516726
15.866648
14.581583
10.366554
15.317918
16.642907
11.875153
12.298148
11.933593
15.059722
13.831196
19.412438
13.881987
18.868868
10.643890
11.199123
11.565426
17.549613
11.516442
11.964791
15.191405
8.879225
13.199354
12.528015
18.349190
17.737988
20.868054
11.598999
12.647910
9.964545
19.016751
12.698589
23.281102
15.650978
14.416708
13.296247
12.683054
16.916974
12.165420
15.846149
13.863565
14.485595
11.814691
9.796453
11.063251
20.014691
9.761681
14.146559
14.682328
15.850812
16.275217
17.519107
10.945160
10.996088
11.578803
16.846405
14.626565
20.164611
17.747333
19.493641
17.780269
13.814792
15.697716
14.549027
11.816102
14.514638
13.298031
14.015284
11.881978
13.314987
13.332359
14.179212
10.748310
15.015778
12.879999
9.866603
14.532150
14.648051
20.996422
14.314440
16.331228
13.795432
20.581748
19.579508
16.468694
14.732843
49.534946
8.344419
15.098578
9.299015
14.479033
8.195606
23.161104
20.148864
11.981112
12.494824
14.866011
17.613067
15.080229
16.479700
18.330623
15.501471
15.163850
10.262018
16.446365
14.913348
14.346709
11.937092
16.864134
21.648997
16.098582
17.332333
13.481128
18.677379
27.863243
10.997906
20.300246
23.311206
23.350735
20.996694
17.414204
26.995785
33.502491
14.154056
27.248968
13.764030
16.426737
27.164514
17.314136
9.829685
35.332280
16.760522
12.598863
17.334808
15.746526
22.780377
13.743281
13.695500
18.981421
16.075444
27.097155
24.819654
14.748472
20.099559
12.931343
16.950621
12.298396
19.627952
10.428377
13.632211
24.066118
16.898703
15.032841
15.180282
14.297463
16.580974
18.563105
33.653291
