0.000000
27.102126
7.060696
3.907623
3.920538
3.918308
3.918364
3.916248
3.916971
3.919680
3.917845
3.907455
3.920626
3.918761
4.019860
3.912440
3.919835
29.552597
3.917457
3.923381
4.418504
3.905930
3.905522
6.551964
28.686240
3.917399
3.918471
47.522218
38.848929
3.905697
3.905104
3.906417
3.919200
3.919660
3.904644
3.915509
3.905359
3.933033
3.916539
7.453430
3.918727
22.067833
3.912977
3.917768
3.907387
3.917787
3.918030
9.803535
9.587892
34.083758
3.922183
26.138257
10.730093
31.315099
34.847031
37.871335
32.319186
37.447390
29.253306
29.373786
10.120904
3.917027
36.127834
29.143884
3.906396
41.028456
32.981239
37.400105
32.163164
33.072427
36.986883
27.619802
3.905772
33.919472
36.702636
31.901187
37.178426
41.986915
41.334580
39.161016
32.173481
41.631561
31.381922
3.904854
31.620680
34.576777
38.619544
31.768382
41.740153
43.886816
31.619856
33.635975
31.589571
27.836942
10.949292
3.927957
38.381777
36.200551
33.915767
51.303750
35.535960
31.406639
35.048678
34.337900
34.649255
34.139389
34.251050
33.904982
32.833708
31.539245
33.303826
29.339110
32.069807
33.465272
28.288823
40.655594
32.739662
33.337571
38.106732
34.329810
30.806406
33.921244
33.035703
33.880874
36.736098
33.633655
30.800071
42.987296
47.621646
30.449000
39.747046
32.734142
34.942835
29.270649
29.343943
32.088875
29.784015
33.250518
33.478470
32.999233
33.394147
29.369381
30.593295
32.505212
30.766305
35.467911
41.953083
33.266449
30.589002
32.718626
45.256082
30.293758
40.084820
44.653573
34.158655
34.584573
33.965697
46.753260
32.102868
41.139507
30.525327
28.495765
26.405863
34.439656
33.288153
38.837201
31.231859
39.754090
29.549955
43.618044
34.138984
30.885216
33.662287
31.333190
37.520677
30.039660
30.506227
46.373776
41.117207
35.473966
33.632363
32.879135
31.123390
32.170139
44.436583
34.482219
39.617998
33.197658
29.892043
33.956968
31.302953
31.169373
32.118374
35.103494
32.889369
33.695922
31.076259
18.337345
35.945822
33.275875
37.209686
33.037607
46.434660
36.302012
29.420043
31.836067
36.505111
33.433372
31.606267
29.299992
32.201547
31.266657
59.023876
30.714903
35.618751
32.429418
32.270143
33.170686
60.733418
35.874267
35.310426
31.485202
29.496108
39.867904
31.503044
31.564564
30.683556
44.362378
31.040222
38.446991
30.918850
37.571131
33.095877
28.988720
31.534419
30.987119
35.425214
32.059561
28.134400
31.106686
34.437580
42.431598
28.678044
34.019615
28.951482
32.832250
28.868996
28.455902
28.249887
32.340820
33.546486
31.890494
30.935373
27.588580
30.725306
29.990557
29.224613
28.744578
33.334984
30.380875
34.781821
27.254939
29.267367
29.496787
28.914276
29.073061
39.692725
33.854630
