0.000000
2.001446
7.086220
25.279947
11.028410
13.646872
12.681736
19.844580
19.260188
10.053139
11.209639
18.645045
21.609835
21.378247
7.528880
15.244300
18.720273
17.900815
10.717658
12.727464
15.350637
16.284636
13.939439
24.685333
19.562541
13.334550
12.163253
12.946145
14.529389
32.562233
9.777792
25.707495
45.932966
22.283769
12.845036
13.463604
14.464688
7.132473
9.784769
11.833141
13.059881
11.217480
7.097980
12.124388
13.144379
6.114668
15.750140
11.232002
6.142542
16.292247
20.056147
8.972009
11.379797
8.568146
8.566444
31.227264
9.388133
10.125383
6.998830
11.119362
7.326009
7.235111
5.322620
15.819426
22.087560
