0.000000
0.999290
1.000000
0.125642
0.399600
0.399600
0.399600
0.999003
0.999159
0.999233
0.999187
0.999107
0.999175
0.999263
0.999097
0.999042
0.999203
0.999365
0.999179
0.999209
0.999318
0.999399
0.999646
0.999637
0.998904
0.997065
0.996840
0.996356
0.995754
0.996043
0.995247
0.996905
0.996215
0.996237
0.995670
0.995904
0.996999
0.995945
0.994764
0.996571
0.996612
0.996584
0.997123
0.997701
0.997553
0.997206
0.997198
0.997445
0.997542
0.998532
0.998144
0.993674
0.986374
0.989958
0.990158
0.986252
0.987926
0.983315
0.980348
0.977740
0.968316
0.974782
0.972142
0.972645
0.964040
0.957963
0.968741
0.954669
0.969874
0.974474
0.983173
0.989719
0.991669
0.996931
0.996612
0.998616
0.997994
0.998685
0.998976
0.998768
0.999299
0.999289
0.998976
0.998932
0.999107
0.998935
0.999061
0.999243
0.998882
0.998734
0.999071
0.999070
0.999066
0.999366
0.998975
0.998810
0.998887
0.999927
0.999995
0.999994
0.999944
0.999990
0.999999
0.999968
0.999978
0.999965
0.999982
0.999991
0.999932
0.999870
0.996982
0.994512
0.996853
0.997234
0.995416
0.996709
0.994934
0.991374
0.992576
0.981243
0.984259
0.981361
0.983407
0.983048
0.983340
0.986169
0.997954
0.999973
0.997255
0.985952
0.924484
0.912759
0.926526
0.942025
0.937611
0.938629
0.940858
0.939830
0.941474
0.940875
0.941363
0.944757
0.942230
0.943298
0.933520
0.831306
0.727636
0.647771
0.584149
0.588551
0.573730
0.567630
0.562633
0.603761
0.613341
0.629316
0.644586
0.653353
0.662205
0.679391
0.698836
0.710112
0.714463
0.723828
0.728863
0.733567
0.740385
0.748246
0.880037
0.748033
0.576340
0.960919
0.993952
0.997483
0.997128
0.828262
0.987478
0.995398
0.995282
0.995315
0.997868
0.997903
0.997882
0.997273
0.997778
0.996861
0.996499
0.997586
0.997887
0.998363
0.997871
0.997922
0.997821
0.997787
0.997062
0.997989
0.998067
0.997560
0.998128
0.997659
0.997674
0.997761
0.997965
0.997874
0.998201
0.998248
0.998612
0.998384
0.998043
0.998220
0.997943
0.998157
0.998101
0.998481
0.997960
0.998691
0.998577
0.999345
0.999910
0.999978
0.999951
0.998979
0.993034
0.976850
0.967395
0.966122
0.966102
0.971350
0.959107
0.975989
0.973579
0.930394
0.875797
0.888069
0.894243
0.817400
0.836986
0.759920
0.778607
0.788888
0.779573
0.778690
0.781474
0.781910
0.783747
0.786391
0.783794
0.785847
0.786017
0.786641
0.786261
0.786026
0.786579
0.787261
0.786946
0.788121
0.788309
0.787725
0.788075
0.787917
0.788597
0.789197
0.789701
0.790054
0.789885
0.787038
0.800243
0.753472
0.667356
0.592013
0.577112
0.585649
0.562696
0.588277
0.582683
0.628267
0.629775
0.616071
0.663724
0.821041
0.932052
0.967927
0.984242
0.993843
0.992406
0.994956
0.995185
0.996326
0.996507
0.996352
0.996398
0.996421
0.996773
0.996350
0.996769
0.997226
0.997193
0.997044
0.997153
0.997442
0.997072
0.997215
0.996890
0.996833
0.996776
0.998269
0.997520
0.995280
0.991865
0.991388
0.989233
0.993192
0.989118
0.986033
0.973866
0.983543
0.975510
0.962765
0.972327
0.969925
0.958936
0.938813
0.947155
0.949512
0.946115
0.955453
0.962457
0.975740
0.987084
0.993934
0.993479
0.996314
0.997802
0.999111
0.998987
0.999230
0.999265
0.999286
0.999557
0.999545
0.999172
0.999698
0.999472
0.999636
0.999222
0.999424
0.999466
0.999503
0.999419
0.999575
0.999487
0.999021
0.998486
0.999881
0.999926
0.999946
0.999943
0.999909
0.999899
0.999893
0.999805
0.999756
0.999683
0.999652
0.999598
0.996283
0.996455
0.997988
0.993576
0.990158
0.995277
0.992047
0.992103
0.968180
0.957665
0.922826
0.814091
0.767075
0.766221
0.769525
0.774862
0.778194
0.777556
0.780848
0.780602
0.780080
0.780621
0.781528
0.782899
0.785210
0.786192
0.788995
0.790769
0.790484
0.792059
0.790610
0.788107
0.790364
0.789718
0.791523
0.792263
0.793053
0.784822
0.723184
0.756720
0.770658
0.711659
0.663477
0.644778
0.602022
0.621051
0.681871
0.687979
0.660727
0.764098
0.911215
0.966410
0.987134
0.994296
0.996176
0.996844
0.995228
0.996906
0.997175
0.996890
0.997196
0.997052
0.997329
0.996780
0.997405
0.997307
0.997416
0.997341
0.997365
0.997743
0.997237
0.997760
0.997407
0.997076
0.997416
0.998026
0.997942
0.995817
0.994327
0.993229
0.995306
0.991174
0.991084
0.991551
0.991247
0.990511
0.987692
0.987685
0.985642
0.976946
0.981030
0.981482
0.979165
0.975488
0.974205
0.986661
0.985771
0.991538
0.997609
0.997683
0.998578
0.998140
0.998483
0.998891
0.998541
0.998582
0.998766
0.999033
0.999464
0.999460
0.999043
0.999356
0.999153
0.999292
0.999067
0.999157
0.998758
0.999132
0.998760
0.999058
0.998846
0.998972
0.998457
0.999726
0.999983
0.999895
0.999921
0.999984
0.999952
0.999948
0.999931
0.999939
0.999829
0.999852
0.999807
0.999746
0.999898
0.999199
0.997442
0.995111
0.997827
0.986022
0.993547
0.973904
0.977674
0.905090
0.909454
0.807356
0.785614
0.777493
0.782078
0.783262
0.784835
0.786383
0.787147
0.785904
0.785385
0.784424
0.783962
0.784253
0.783302
0.783609
0.785075
0.781808
0.781011
0.779263
0.781477
0.781868
0.780969
0.782010
0.784656
0.800462
0.817948
0.862049
0.890062
0.849986
0.738389
0.676199
0.624639
0.649796
0.733397
0.662112
0.638298
0.783952
0.803682
0.693711
0.657064
0.702696
0.865327
0.944748
0.986177
0.989754
0.994912
0.997496
0.996209
0.996043
0.997581
0.997449
0.997711
0.996449
0.997394
0.996898
0.997463
0.997568
0.997382
0.997316
0.997574
0.998166
0.998255
0.997839
0.997929
0.998000
0.997926
0.998498
0.997812
0.997227
0.815514
0.949705
0.993840
0.991095
0.989353
0.988803
0.990764
0.982956
0.982132
0.976598
0.972980
0.978711
0.967778
0.967137
0.958678
0.961415
0.959812
0.958607
0.973440
0.990924
0.993232
0.994518
0.997191
0.997902
0.998846
0.997756
0.998904
0.998782
0.998878
0.998950
0.998915
0.998511
0.999320
0.999022
0.999088
0.998993
0.998811
0.999145
0.999222
0.999581
0.999280
0.999194
0.999527
0.998733
0.999238
0.999838
0.999983
0.999968
0.999968
0.999971
0.999954
0.999825
0.999915
0.999917
0.999865
0.997617
0.999575
0.999823
0.997341
0.994521
0.995469
0.962413
0.979602
0.944149
0.979205
0.975561
0.965667
0.938481
0.960825
0.931318
0.915660
0.915393
0.909217
0.909850
0.905975
0.909486
0.914134
0.913684
0.915500
0.914412
0.915072
0.917042
0.918957
0.918382
0.917981
0.918774
0.919453
0.919199
0.919528
0.919615
0.919756
0.920656
0.922532
0.920340
0.919655
0.911501
0.917797
0.894336
0.784522
0.705804
0.630935
0.579319
0.594595
0.587358
0.568331
0.595113
0.590200
0.572007
0.581147
0.616817
0.615082
0.578660
0.580175
0.606333
0.589250
0.610857
0.577305
0.573105
0.595265
0.592151
0.573678
0.626927
0.609549
0.603210
0.600390
0.610355
0.738419
0.900809
0.965856
0.987643
0.993383
0.996109
0.996973
0.997718
0.997922
0.996521
0.997473
0.997209
0.997837
0.998023
0.998357
0.997321
0.997346
0.997402
0.997687
0.997554
0.997630
0.997731
0.998041
0.997813
0.997312
0.998559
0.998430
0.997650
0.822101
0.619263
0.969178
0.997567
0.999145
0.999275
0.997957
0.996172
0.997649
0.996787
0.997897
0.997533
0.997702
0.997207
0.998213
0.998037
0.997126
0.998067
0.998105
0.999543
0.999277
0.999270
0.999679
0.999297
0.999363
0.999114
0.998907
0.998949
0.998977
0.999050
0.998727
0.998743
0.998598
0.999177
0.998750
0.998860
0.998642
0.998435
0.998124
0.998345
0.998313
0.998311
0.998285
0.998634
0.998641
0.999844
0.999934
0.999859
0.999970
0.999985
0.999943
0.999998
0.999976
0.999974
0.999994
0.999928
0.999929
0.998668
0.981369
0.937446
0.986699
0.939352
0.965970
0.898139
0.908140
0.825737
0.908377
0.886154
0.890073
0.784422
0.822699
0.800695
0.741053
0.749445
0.755051
0.755416
0.752242
0.749676
0.747181
0.746586
0.744981
0.738963
0.739293
0.739921
0.739077
0.736329
0.742327
0.744173
0.743509
0.742261
0.742898
0.742091
0.741173
0.740362
0.740583
0.740408
0.742322
0.742230
0.743999
0.735116
0.740072
0.743446
0.710938
0.655956
0.659048
0.763644
0.887031
0.944127
0.965209
0.979288
0.991092
0.996652
0.996418
0.996800
0.997248
0.997578
0.997198
0.997496
0.996981
0.997559
0.997741
0.997423
0.997355
0.996801
0.996716
0.996716
0.996804
0.997457
0.997579
0.997428
0.997171
0.997417
0.997738
0.843528
0.945995
0.996312
0.997999
0.998731
0.996291
0.587485
0.996416
0.996652
0.997719
0.997395
0.995115
0.912400
0.517820
0.546965
0.992896
0.997209
0.996222
0.994155
0.994872
0.997669
0.998813
0.998457
0.998799
0.998856
0.999415
0.998991
0.998771
0.999153
0.999024
0.998770
0.998770
0.998502
0.998372
0.998617
0.998778
0.998436
0.998764
0.998452
0.998790
0.998607
0.998541
0.998527
0.998623
0.997973
0.998882
0.999656
0.999856
0.999899
0.999915
0.999951
0.998725
0.928100
0.733212
0.693495
0.740585
0.821007
0.923293
0.946737
0.984699
0.961427
0.961058
0.946436
0.932832
0.974517
0.972715
0.935669
0.960787
0.888266
0.926166
0.902813
0.904444
0.915833
0.911597
0.910649
0.910189
0.910626
0.908718
0.909926
0.909444
0.911149
0.907997
0.906238
0.907533
0.908237
0.908141
0.909291
0.909361
0.909067
0.908556
0.909277
0.910143
0.910972
0.909978
0.913391
0.916958
0.909673
0.927426
0.860845
0.750110
0.685873
0.589517
0.555075
0.570222
0.615517
0.713898
0.850470
0.955058
0.981547
0.990660
0.993318
0.996201
0.997033
0.997648
0.997133
0.997653
0.997805
0.997917
0.998212
0.998493
0.998472
0.998611
0.998855
0.998522
0.998687
0.998937
0.998894
0.998983
0.998775
0.999134
0.998927
0.998561
0.998192
0.997621
0.996607
0.992514
0.992530
0.989289
0.985341
0.986079
0.982054
0.977823
0.494862
0.513097
0.988134
0.991045
0.983817
0.984480
0.986321
0.987424
0.984674
0.995470
0.993612
0.995945
0.997720
0.997675
0.998910
0.999077
0.999007
0.998316
0.999032
0.999047
0.998973
0.999460
0.999419
0.998941
0.998835
0.998661
0.998573
0.998708
0.998323
0.998406
0.998602
0.998539
0.998509
0.998968
0.998361
0.998217
0.999043
0.999914
0.999982
0.999969
0.999970
0.999926
0.999989
0.999939
0.999672
0.989441
0.812725
0.842174
0.880348
0.920561
0.894630
0.939781
0.951257
0.975994
0.968746
0.972670
0.974552
0.993616
0.972174
0.966246
0.964994
0.949023
0.954802
0.954117
0.954875
0.955112
0.955363
0.952914
0.953582
0.953989
0.952991
0.952018
0.952769
0.952972
0.952663
0.952310
0.952349
0.951880
0.952106
0.953032
0.953740
0.953492
0.953945
0.953969
0.954167
0.955322
0.954925
0.954666
0.958435
0.887157
0.740507
0.642289
0.586823
0.565133
0.579418
0.593758
0.612205
0.611613
0.603656
0.595991
0.592682
0.591475
0.589034
0.594786
0.598755
0.597663
0.598019
0.604595
0.600924
0.572652
0.646403
0.913655
0.985464
0.997007
0.996594
0.998879
0.995939
0.995845
0.995615
0.992475
0.992897
0.988861
0.987869
0.984756
0.984651
0.981500
0.982797
0.980978
0.982451
0.978661
0.984043
0.990167
0.991250
0.992787
0.995420
0.997956
0.998380
0.997837
0.998167
0.998295
0.999212
0.999289
0.999380
0.999011
0.998921
0.999055
0.998955
0.999271
0.998982
0.999121
0.998926
0.999082
0.999026
0.999280
0.999015
0.998980
0.999182
0.998796
0.999699
0.999964
0.999991
0.999997
0.999998
0.999993
0.999993
0.999956
0.999986
0.999979
0.999963
0.999855
0.997507
0.997314
0.992148
0.983242
0.983954
0.980364
0.982853
0.981406
0.975725
0.966444
0.968524
0.972551
0.970739
0.966873
0.965302
0.964628
0.965496
0.964500
0.963057
0.964531
0.964278
0.963496
0.963660
0.963632
0.964036
0.963931
0.964120
0.964088
0.964106
0.964116
0.963953
0.964466
0.964017
0.963946
0.964284
0.965833
0.971635
0.969110
0.957457
0.878698
0.757202
0.674671
0.612750
0.612714
0.674963
0.766252
0.811178
0.858261
0.879148
0.891981
0.904704
0.914362
0.920125
0.925737
0.925981
0.929261
0.931544
0.933718
0.933404
0.937809
0.983468
0.995932
0.996803
0.996388
0.998688
0.997663
0.998066
0.997849
0.997602
0.995189
0.994140
0.994225
0.995846
0.995225
0.987588
0.895352
0.985065
0.984919
0.993159
0.987826
0.983047
0.990712
0.992650
0.998237
1.000000
1.000000
0.999048
0.999548
0.999404
0.999496
0.999436
0.999168
0.999697
0.999408
0.999210
0.999411
0.999205
0.999326
0.999466
0.999992
0.999998
0.999971
0.999898
0.937569
0.933594
0.932823
0.932192
0.936679
0.999726
0.999826
0.999675
0.999779
0.999628
0.999462
0.992837
0.882302
0.851317
0.787881
0.857432
0.872479
0.861449
0.875174
0.840134
0.796584
0.843229
0.857748
0.860369
0.869742
0.848803
0.977001
0.932132
0.934159
0.931915
0.923707
0.928594
0.925023
0.923845
0.923059
0.930161
0.933064
0.934649
0.934733
0.928107
0.926804
0.924183
0.917507
0.915329
0.916347
0.917389
0.917896
0.918058
0.918837
0.919071
0.917073
0.919278
0.928153
0.935681
0.958228
0.875725
0.712242
0.611767
0.514021
0.501480
0.516900
0.531640
0.540644
0.595929
0.813171
0.686988
0.595099
0.570238
0.763711
0.885976
0.933125
0.964035
0.981141
0.984549
0.985699
0.985626
0.988041
0.985852
0.988989
0.987090
0.988048
0.988331
0.989063
0.988626
0.988928
0.990276
0.990361
0.989753
0.990480
0.990992
0.991395
0.990991
0.990856
0.992113
0.991341
0.990806
0.768753
0.588422
0.925713
0.977809
0.976180
0.964826
0.969452
0.962377
0.945147
0.934786
0.930305
0.917508
0.915366
0.911331
0.898515
0.898924
0.884132
0.876726
0.870171
0.886970
0.902498
0.906234
0.934987
0.924299
0.951446
0.966233
0.969294
0.976665
0.980239
0.986220
0.988848
0.991007
0.993287
0.993606
0.991389
0.993674
0.994088
0.995465
0.995610
0.993324
0.995619
0.995204
0.995832
0.996190
0.995699
0.991029
0.991158
0.998202
0.999275
0.998985
0.998626
0.998122
0.996691
0.993993
0.993202
0.989855
0.980058
0.976888
0.967538
0.934301
0.944463
0.918373
0.938449
0.921080
0.949815
0.900094
0.942895
0.917044
0.917122
0.901101
0.902555
0.895347
0.891015
0.886871
0.888829
0.886966
0.891217
0.889217
0.890613
0.892391
0.891549
0.892319
0.893492
0.894069
0.894810
0.894907
0.895527
0.895946
0.897765
0.897264
0.897374
0.898247
0.897845
0.897950
0.898783
0.896065
0.898304
0.909332
0.888923
0.813672
0.690633
0.613190
0.568687
0.504421
0.569654
0.792050
0.919736
0.951767
0.974190
0.977633
0.985926
0.987605
0.987832
0.989745
0.987947
0.987950
0.988336
0.988796
0.989567
0.989251
0.987365
0.988161
0.988192
0.989837
0.990650
0.989923
0.989542
0.989322
0.989773
0.989450
0.990067
0.990154
0.990288
0.986297
0.975706
0.976469
0.986692
0.979098
0.977756
0.973296
0.969071
0.963364
0.966110
0.963498
0.955697
0.958334
0.952722
0.947658
0.949037
0.927776
0.943866
0.948672
0.951295
0.966762
0.978664
0.982250
0.987783
0.993421
0.990833
0.994113
0.992399
0.993253
0.993634
0.993323
0.994065
0.993534
0.993130
0.992118
0.991605
0.990179
0.990801
0.989173
0.989837
0.988969
0.987662
0.987166
0.986425
0.985541
0.987155
0.996667
0.998391
0.998328
0.998414
0.998249
0.998042
0.997762
0.996763
0.996462
0.995660
0.994506
0.993930
0.994267
0.993007
0.989146
0.983452
0.985545
0.967793
0.960443
0.953383
0.966418
0.964817
0.954714
0.968613
0.952748
0.943564
0.942707
0.940931
0.941330
0.938518
0.939856
0.939619
0.940569
0.940201
0.939953
0.940216
0.939793
0.939248
0.939208
0.939146
0.940417
0.941243
0.940937
0.939954
0.939907
0.940326
0.939618
0.939900
0.943575
0.944305
0.958198
0.962775
0.900789
0.766844
0.656437
0.591163
0.550174
0.660547
0.822152
0.941256
0.788008
0.676585
0.657315
0.804040
0.898356
0.938383
0.969259
0.978546
0.983827
0.980639
0.983506
0.978901
0.981919
0.985790
0.987976
0.989419
0.989201
0.989775
0.988967
0.988617
0.990040
0.990502
0.989677
0.989397
0.989585
0.989442
0.990038
0.990074
0.990817
0.990774
0.990441
0.988259
0.983188
0.976193
0.980619
0.980836
0.981975
0.981736
0.978190
0.967696
0.971713
0.952655
0.957940
0.965113
0.965616
0.962086
0.955818
0.960966
0.963040
0.955410
0.956342
0.963123
0.975381
0.979303
0.982962
0.990779
0.992446
0.994007
0.993593
0.993628
0.994551
0.994503
0.993919
0.993482
0.992417
0.990673
0.990008
0.990313
0.988658
0.987903
0.988417
0.987369
0.987310
0.986453
0.986021
0.985071
0.985254
0.988929
0.997166
0.998137
0.998533
0.998079
0.998093
0.997944
0.997728
0.997303
0.996637
0.995861
0.995452
0.993324
0.992058
0.992023
0.989182
0.983959
0.968891
0.975122
0.935177
0.962962
0.990317
0.972275
0.961782
0.957529
0.957724
0.946539
0.942231
0.939334
0.937771
0.938773
0.941585
0.942329
0.942943
0.945582
0.942709
0.941958
0.942242
0.944125
0.945838
0.945946
0.945685
0.945430
0.945728
0.945451
0.944942
0.944706
0.944575
0.945416
0.945024
0.941270
0.949569
0.961273
0.953243
0.863203
0.672546
0.601937
0.541469
0.492943
0.476947
0.515828
0.549740
0.540562
0.525000
0.519218
0.525049
0.704772
0.858375
0.952864
0.973257
0.980830
0.983989
0.983511
0.984339
0.984658
0.986888
0.986948
0.986957
0.987935
0.988560
0.988219
0.990020
0.988877
0.989700
0.990390
0.990167
0.989543
0.989068
0.990483
0.990818
0.990574
0.990073
0.989810
0.989654
0.983292
0.976118
0.975037
0.474562
0.943346
0.970900
0.971801
0.968559
0.961148
0.955405
0.950619
0.941521
0.930028
0.934353
0.934011
0.929411
0.916603
0.913271
0.902110
0.927384
0.931650
0.950874
0.963657
0.971038
0.973211
0.979772
0.983721
0.987231
0.988219
0.989006
0.992336
0.992925
0.993434
0.994607
0.993974
0.994619
0.993417
0.993377
0.993496
0.993553
0.992380
0.991423
0.990330
0.991142
0.989554
0.984347
0.986287
0.998169
0.998544
0.998593
0.997826
0.998521
0.997104
0.996691
0.994907
0.994727
0.992307
0.989065
0.983554
0.960641
0.941816
0.952058
0.920363
0.909645
0.915104
0.913628
0.960594
0.943125
0.889351
0.893438
0.902982
0.892175
0.873700
0.873973
0.870423
0.868554
0.870426
0.871214
0.871335
0.868019
0.871382
0.871871
0.871643
0.869173
0.868908
0.869127
0.869920
0.870026
0.869759
0.870383
0.870651
0.872019
0.872645
0.872059
0.871901
0.872269
0.874260
0.875901
0.891831
0.889626
0.797150
0.677444
0.611576
0.535792
0.494729
0.577264
0.578598
0.560426
0.636751
0.811441
0.927747
0.960511
0.974650
0.983711
0.986365
0.984752
0.986946
0.987378
0.987383
0.988237
0.989382
0.989987
0.989627
0.989496
0.989965
0.990692
0.990208
0.990017
0.990233
0.991208
0.991099
0.991333
0.991715
0.991262
0.991986
0.990180
0.984703
0.976231
0.980740
0.983758
0.988430
0.987333
0.980432
0.986694
0.981390
0.981989
0.977715
0.979315
0.973433
0.971104
0.975752
0.973894
0.973705
0.973065
0.971268
0.978681
0.982095
0.988422
0.991875
0.994387
0.991121
0.991708
0.993981
0.994200
0.990414
0.990908
0.988660
0.989640
0.987140
0.985488
0.985010
0.983542
0.982840
0.981027
0.980525
0.981368
0.981047
0.982686
0.982350
0.983179
0.983948
0.988453
0.992043
0.994490
0.994882
0.995258
0.996003
0.995753
0.995279
0.995291
0.993866
0.994823
0.993083
0.993745
0.992551
0.990526
0.987257
0.976064
0.960065
0.952864
0.968683
0.958016
0.943690
0.966622
0.956618
0.942463
0.944469
0.945016
0.939634
0.933285
0.929324
0.928535
0.927079
0.923885
0.924543
0.924317
0.922568
0.921745
0.921639
0.921845
0.922802
0.923117
0.923289
0.923411
0.923389
0.923233
0.923537
0.924443
0.924680
0.924483
0.926050
0.934198
0.942303
0.956801
0.912041
0.822100
0.758083
0.682276
0.616514
0.654113
0.769479
0.870903
0.932012
0.964510
0.974632
0.975461
0.977946
0.978045
0.976657
0.977686
0.977647
0.978384
0.979795
0.978295
0.976998
0.979727
0.979188
0.979505
0.977726
0.976514
0.977737
0.979526
0.980850
0.980645
0.982233
0.982320
0.981966
0.983558
0.982762
0.985196
0.985584
0.985744
0.985220
0.985239
0.986096
0.985733
0.985017
0.984226
0.983831
0.980794
0.982410
0.979783
0.968380
0.969262
0.956052
0.945498
0.935222
0.933397
0.919024
0.896443
0.886721
0.889278
0.885128
0.919577
0.950845
0.958680
0.956340
0.960542
0.976650
0.991656
0.986280
0.986369
0.994663
0.994045
0.996669
0.994732
0.986220
0.986564
0.987793
0.991796
0.990869
0.988446
0.984654
0.987645
0.991918
0.996303
0.999201
0.999017
0.999263
0.999270
0.999536
0.999868
0.999722
0.999913
0.999384
0.997295
0.997062
0.999936
0.999783
0.999890
0.999616
0.998305
0.999538
0.999864
0.999394
0.999501
0.998163
0.996004
0.997134
0.996441
0.999080
0.990685
0.985575
0.988902
0.994123
0.995567
0.990979
0.995086
0.980715
0.977962
0.983854
0.975295
0.980310
0.981179
0.981087
0.981400
0.981072
0.982220
0.982152
0.981885
0.981889
0.981888
0.983187
0.983423
0.983100
0.983105
0.983693
0.983828
0.984326
0.983071
0.950768
0.952652
0.964356
0.916873
0.928985
0.940108
0.956103
0.941730
0.939431
0.937368
0.921337
0.949085
0.918081
0.832408
0.728404
0.698100
0.692884
0.688043
0.679287
0.680862
0.679797
0.680383
0.679113
0.680632
0.679950
0.678035
0.676396
0.675740
0.675361
0.663802
0.605575
0.621878
0.543019
0.939555
0.991559
0.997581
0.999497
0.720416
0.666118
0.704712
0.778294
0.705733
0.698824
0.745157
0.572967
0.915979
0.996584
0.996643
0.995867
0.995054
0.994349
0.999307
0.998745
0.998682
0.998768
0.998555
0.998939
0.999029
0.998866
0.998674
0.998940
0.998811
0.998824
0.998817
0.998644
0.998752
0.998675
0.999112
0.998727
0.998670
0.998669
0.998802
0.998643
0.998464
0.998669
0.998529
0.998914
0.999433
0.999527
0.946442
0.769859
0.788615
0.973702
0.949288
0.956716
0.967893
0.967337
0.972199
0.963366
0.962010
0.923663
0.864020
0.703620
0.571230
0.541209
0.734474
0.954097
0.980803
0.673540
0.659693
0.765948
0.794795
0.854650
0.496785
0.497361
0.599091
0.793412
0.682914
0.553738
0.536248
0.520564
0.532177
0.536473
0.535653
0.808338
0.763896
0.729776
0.707601
0.691139
0.667680
0.687798
0.697826
0.696423
0.715696
0.737070
0.823957
0.911144
0.954540
0.978951
0.990040
0.991736
0.993013
0.993044
0.994072
0.994092
0.992332
0.994826
0.994348
0.994999
0.996819
0.996522
0.997243
0.996094
0.996828
0.997364
0.996935
0.996742
0.996757
0.996554
0.996353
0.996431
0.996679
0.996259
0.995933
0.994504
0.987110
0.979042
0.987113
0.992190
0.991271
0.988821
0.983965
0.976095
0.975895
0.961352
0.962010
0.957500
0.954839
0.950916
0.954335
0.938971
0.921962
0.937877
0.932340
0.934975
0.952959
0.946355
0.963270
0.978150
0.980078
0.983468
0.987923
0.989924
0.992044
0.995063
0.995763
0.996880
0.997480
0.997806
0.999020
0.999061
0.999487
0.999266
0.999553
0.999516
0.999656
0.999600
0.999615
0.999107
0.998724
0.996021
0.992321
0.999433
0.999900
0.999822
0.999856
0.999820
0.999331
0.998515
0.998779
0.997561
0.993623
0.970631
0.944728
0.939271
0.929805
0.935418
0.980354
0.953576
0.865113
0.893449
0.871643
0.869128
0.857917
0.861253
0.863718
0.861932
0.867540
0.869354
0.863370
0.863566
0.861642
0.863790
0.861935
0.863177
0.863805
0.865157
0.866238
0.866437
0.866189
0.864508
0.863911
0.863864
0.867112
0.867732
0.867479
0.867723
0.867057
0.870350
0.871913
0.869670
0.877574
0.860067
0.784419
0.659693
0.551631
0.496541
0.502433
0.501326
0.481521
0.474137
0.469388
0.485076
0.480511
0.478696
0.477744
0.482065
0.479179
0.477695
0.478440
0.475230
0.475995
0.475467
0.475613
0.488007
0.769501
0.934567
0.978149
0.977192
0.970526
0.967593
0.957474
0.948072
0.940238
0.938150
0.923492
0.913468
0.903287
0.889106
0.890218
0.862554
0.856256
0.852099
0.858080
0.863962
0.883558
0.898427
0.913353
0.930758
0.939528
0.951302
0.957727
0.967801
0.969997
0.977723
0.981914
0.982373
0.987359
0.986995
0.991082
0.991666
0.991475
0.993517
0.994574
0.992966
0.993426
0.993232
0.991358
0.992196
0.986102
0.974177
0.977146
0.996576
0.997967
0.997225
0.997023
0.995776
0.994000
0.991326
0.985753
0.983355
0.979928
0.971988
0.967944
0.957181
0.958895
0.870651
0.889166
0.935140
0.944061
0.930752
0.911623
0.895751
0.875340
0.878670
0.883711
0.884204
0.888967
0.890437
0.896815
0.896892
0.899738
0.900231
0.900529
0.902082
0.902763
0.902880
0.903629
0.902438
0.900080
0.899614
0.900508
0.902167
0.902732
0.902412
0.903393
0.902539
0.896495
0.894820
0.882769
0.881021
0.891641
0.772951
0.717221
0.650984
0.644346
0.708612
0.784921
0.849861
0.918937
0.958514
0.976630
0.979796
0.983315
0.983412
0.982447
0.983585
0.983738
0.985927
0.984276
0.984840
0.986406
0.986893
0.988532
0.987891
0.988277
0.988224
0.990078
0.989862
0.989401
0.989396
0.990006
0.990022
0.989885
0.987788
0.985618
0.975123
0.977151
0.970129
0.966967
0.961623
0.958872
0.955034
0.943271
0.925549
0.923368
0.909624
0.911029
0.904301
0.891471
0.895356
0.870724
0.856412
0.863288
0.875797
0.859922
0.870896
0.895686
0.901679
0.924135
0.938007
0.946880
0.952377
0.963804
0.968996
0.972164
0.980524
0.982434
0.985876
0.987665
0.988327
0.989981
0.992066
0.993262
0.992737
0.992588
0.993407
0.993339
0.993537
0.992111
0.990669
0.978183
0.976977
0.996231
0.998351
0.997686
0.997231
0.995160
0.993401
0.990821
0.988427
0.981697
0.977472
0.951439
0.961918
0.951214
0.958072
0.969565
0.966270
0.959115
0.965518
0.950469
0.944674
0.959061
0.938114
0.944616
0.872101
0.853453
0.851581
0.852117
0.848319
0.849534
0.848809
0.847561
0.849076
0.848525
0.847619
0.878686
0.925390
0.838161
0.679723
0.608568
0.532903
0.520901
0.488576
0.461626
0.482924
0.485749
0.480721
0.490020
0.467747
0.489711
0.484561
0.484422
0.494723
0.496021
0.500868
0.490568
0.523066
0.561865
0.499731
0.514602
0.508602
0.513459
0.514050
0.503352
0.498128
0.490679
0.535590
0.540200
0.549062
0.557722
0.646813
0.766556
0.796631
0.814230
0.568123
0.524607
0.528468
0.526643
0.549582
0.578692
0.675356
0.758305
0.731677
0.666147
0.611078
0.568248
0.503629
0.492295
0.477327
0.474851
0.481040
0.495276
0.470011
0.521756
0.511810
0.500892
0.486190
0.619784
0.776792
0.900499
0.959838
0.978805
0.984902
0.983001
0.985742
0.985551
0.987260
0.987898
0.988443
0.988712
0.989199
0.990945
0.991425
0.989134
0.989593
0.989708
0.989642
0.990112
0.990463
0.989973
0.989325
0.989564
0.990595
0.990601
0.989436
0.982136
0.965075
0.962785
0.975538
0.688021
0.968129
0.977442
0.976338
0.967055
0.963326
0.966916
0.962844
0.954203
0.956680
0.947293
0.937522
0.951089
0.949136
0.954397
0.955331
0.957008
0.970301
0.976904
0.981976
0.986791
0.988091
0.990940
0.992216
0.992890
0.993032
0.992213
0.989342
0.988534
0.985479
0.979810
0.978588
0.976568
0.974197
0.974898
0.972673
0.971519
0.971204
0.973117
0.973882
0.974357
0.981589
0.988374
0.995774
0.998482
0.997900
0.997932
0.997264
0.997187
0.996959
0.995951
0.990143
0.994699
0.991000
0.985490
0.981502
0.978653
0.944193
0.945971
0.921019
0.916564
0.901156
0.864013
0.780795
0.754113
0.785446
0.772203
0.774398
0.857381
0.824700
0.804039
0.891089
0.834840
0.805796
0.800842
0.811029
0.808130
0.807086
0.810413
0.815051
0.816549
0.816608
0.818352
0.818276
0.817940
0.817763
0.817868
0.817739
0.818734
0.819305
0.820171
0.821352
0.821008
0.820727
0.820276
0.821192
0.813707
0.815547
0.813343
0.851906
0.864119
0.847925
0.755162
0.647756
0.620194
0.572038
0.575285
0.673503
0.845621
0.934891
0.970523
0.973991
0.982767
0.981901
0.981199
0.981508
0.982467
0.982279
0.981938
0.983080
0.984992
0.985918
0.984885
0.986711
0.986339
0.987161
0.986724
0.987739
0.988356
0.988935
0.988777
0.988024
0.989004
0.989747
0.986741
0.978891
0.968850
0.972842
0.973573
0.952709
0.953400
0.950354
0.946900
0.933429
0.921774
0.903943
0.899979
0.872473
0.865637
0.857489
0.844174
0.843614
0.827570
0.828185
0.837803
0.834455
0.847287
0.853760
0.869073
0.873989
0.906308
0.910756
0.915492
0.932683
0.936488
0.943611
0.954281
0.953913
0.962529
0.966096
0.972126
0.976990
0.979987
0.980184
0.984014
0.985490
0.986638
0.987521
0.991582
0.989820
0.993479
0.988659
0.971827
0.980588
0.997373
0.997589
0.997473
0.996553
0.993037
0.986923
0.979150
0.968433
0.963754
0.951617
0.940405
0.933085
0.928390
0.930347
0.915849
0.935470
0.945738
0.951393
0.884532
0.950207
0.929814
0.924852
0.899437
0.911577
0.908421
0.907833
0.910984
0.907994
0.909600
0.910417
0.913165
0.913516
0.913719
0.912903
0.912438
0.912546
0.914381
0.915884
0.915894
0.915294
0.916363
0.917393
0.915454
0.915745
0.918534
0.919120
0.917306
0.922240
0.913161
0.899145
0.931514
0.882082
0.819373
0.688540
0.613488
0.580313
0.546213
0.513866
0.572937
0.749125
0.917506
0.952035
0.972189
0.978662
0.986682
0.986309
0.986809
0.988509
0.988952
0.990015
0.989920
0.988403
0.990724
0.989080
0.989449
0.990496
0.991531
0.991769
0.991654
0.991177
0.991021
0.990977
0.991365
0.991437
0.991384
0.991465
0.987864
0.976349
0.964298
0.969317
0.978662
0.975505
0.977576
0.971663
0.968790
0.963025
0.968676
0.960745
0.958616
0.960236
0.413751
0.683915
0.943727
0.939287
0.935883
0.943734
0.936666
0.952166
0.958761
0.968889
0.978574
0.979534
0.985622
0.986670
0.988129
0.993058
0.992431
0.991657
0.991895
0.990461
0.991155
0.990796
0.987926
0.986576
0.983987
0.981308
0.980851
0.977828
0.974428
0.973080
0.970751
0.969424
0.978082
0.986924
0.993064
0.993653
0.992582
0.991289
0.991079
0.910166
0.641037
0.733977
0.847549
0.842446
0.851944
0.898481
0.940791
0.969010
0.982644
0.984353
0.973790
0.948463
0.967139
0.948073
0.966866
0.963000
0.923684
0.939729
0.920420
0.913904
0.919071
0.923181
0.925352
0.923332
0.923688
0.921687
0.922884
0.923753
0.924624
0.925092
0.925647
0.926948
0.927266
0.926923
0.926594
0.926977
0.926944
0.927270
0.928336
0.927569
0.928498
0.925282
0.923002
0.923496
0.929849
0.938957
0.932579
0.828198
0.695870
0.584037
0.493253
0.479335
0.486320
0.486342
0.487215
0.507415
0.616601
0.761960
0.847751
0.906651
0.950280
0.970003
0.972205
0.971521
0.973065
0.972682
0.971344
0.971972
0.972442
0.970626
0.968467
0.972500
0.968568
0.968550
0.969898
0.970903
0.967622
0.969975
0.967544
0.970101
0.966880
0.966648
0.963511
0.964286
0.964659
0.963437
0.966190
0.963607
0.965682
0.965328
0.963293
0.968847
0.967481
0.966821
0.966935
0.966586
0.966775
0.969012
0.966754
0.968509
0.968289
0.966793
0.967002
0.967547
0.965720
0.967444
0.968250
0.968106
0.969667
0.968105
0.968382
0.968134
0.968635
0.966540
0.968647
0.968652
0.968516
0.967467
0.967433
0.966981
0.969453
0.965321
0.978576
0.999427
0.999309
0.998849
0.999291
0.999374
0.999460
0.998881
0.999633
0.999613
0.999475
0.999514
0.999311
0.999611
0.999508
0.999618
0.999347
0.999516
0.999462
0.999814
0.999614
0.999776
0.999660
0.999452
0.999814
0.999964
0.999493
0.998609
0.984358
0.981177
0.989640
0.986974
0.982936
0.981567
0.985796
0.983904
0.980509
0.975736
0.977578
0.970743
0.965757
0.961422
0.962768
0.957038
0.974084
0.970923
0.976964
0.984323
0.984119
0.992428
0.994210
0.996416
0.995748
0.997707
0.997899
0.998504
0.999021
0.998644
0.999845
0.999917
1.000000
0.999978
0.999951
0.999999
0.999999
1.000000
0.999997
0.999998
0.999994
0.999992
0.999993
0.999863
1.000000
0.999997
0.999999
0.999987
1.000000
0.999999
0.999971
0.999964
0.998079
0.999964
0.999935
0.999921
0.999680
0.999803
0.998956
0.997209
0.997577
0.999486
0.994508
0.984760
0.988202
0.998166
0.994802
0.993942
0.999973
0.990535
0.994505
0.998497
0.994481
0.983705
0.985041
0.958679
0.979298
0.986586
0.987008
0.986821
0.986675
0.987296
0.986833
0.987232
0.987186
0.987607
0.988294
0.988216
0.988171
0.988266
0.988491
0.988504
0.989300
0.989172
0.989066
0.989130
0.989242
0.989327
0.989904
0.989915
0.990060
0.987733
0.987497
0.988364
0.987807
0.981640
0.966359
0.909132
0.820620
0.724344
0.653640
0.610682
0.617141
0.627229
0.624241
0.619007
0.629228
0.633669
0.631661
0.629500
0.628004
0.627847
0.620785
0.617275
0.615540
0.610460
0.592718
0.576476
0.563097
0.573838
0.575528
0.565244
0.928361
0.996518
0.999579
0.999645
0.999110
0.998465
0.996184
0.998211
0.997556
0.995315
0.996107
0.992091
0.991346
0.989101
0.993868
0.991109
0.990954
0.995798
0.996610
0.998757
0.996907
0.999041
0.999554
0.999985
0.999316
0.999877
0.999852
0.999925
0.999949
0.999991
0.999954
0.999990
0.999969
0.999960
0.999995
0.999950
0.999960
0.999807
0.999813
0.999791
0.998125
0.990712
0.990914
0.995446
0.999675
0.999816
0.999551
0.999753
0.999628
0.999043
0.999077
0.998479
0.998164
0.997838
0.996895
0.993031
0.957121
0.857020
0.825914
0.730690
0.689588
0.658061
0.691111
0.717486
0.642092
0.702262
0.732766
0.746421
0.751250
0.749882
0.747443
0.747414
0.745995
0.746160
0.744251
0.745889
0.747664
0.748536
0.749625
0.750535
0.750552
0.750560
0.750769
0.750900
0.751114
0.750988
0.750293
0.749634
0.751375
0.751735
0.752499
0.740770
0.720459
0.701152
0.688779
0.697081
0.668887
0.589273
0.536772
0.524317
0.516226
0.539554
0.540139
0.539604
0.530493
0.574409
0.560688
0.634337
0.814694
0.938106
0.969870
0.994888
0.994337
0.995870
0.996679
0.996350
0.996815
0.996099
0.996699
0.996030
0.997097
0.997227
0.996281
0.996728
0.996966
0.997173
0.997471
0.997575
0.997585
0.997510
0.998153
0.997571
0.997668
0.996414
0.995679
0.595525
0.798928
0.983848
0.832723
0.959894
0.913983
0.993565
0.990711
0.985942
0.468222
0.482789
0.991617
0.994509
0.992519
0.989009
0.989093
0.992811
0.991693
0.912522
0.991477
0.992961
0.997122
0.996191
0.997631
0.999011
0.997406
0.998331
0.997207
0.996690
0.996368
0.995225
0.994006
0.992334
0.992104
0.991348
0.989325
0.989530
0.988356
0.988566
0.988571
0.987389
0.989964
0.990805
0.991762
0.991505
0.995260
0.999732
0.999938
0.999877
0.999938
0.992474
0.951691
0.954318
0.993817
0.999854
0.996438
0.815411
0.730624
0.660979
0.930091
0.926870
0.938539
0.903135
0.930433
0.917855
0.828673
0.756039
0.905195
0.826360
0.923985
0.931690
0.885713
0.890412
0.893246
0.891000
0.889480
0.890369
0.890041
0.891191
0.891509
0.890502
0.890695
0.890825
0.890289
0.890352
0.890406
0.890119
0.890471
0.891194
0.891641
0.891713
0.891902
0.891629
0.891939
0.890982
0.893923
0.895762
0.885627
0.886142
0.879965
0.889193
0.878551
0.849496
0.781518
0.657019
0.633151
0.558687
0.545472
0.533743
0.519514
0.493051
0.530287
0.532841
0.565570
0.595486
0.635735
0.706655
0.843943
0.921125
0.967250
0.984739
0.992200
0.993278
0.994785
0.994659
0.996142
0.996024
0.996070
0.995058
0.996869
0.997022
0.996371
0.996725
0.996223
0.996537
0.996552
0.996735
0.996897
0.997460
0.997628
0.997063
0.997336
0.996479
0.996709
0.993776
0.991905
0.996280
0.994074
0.994763
0.981375
0.991479
0.987495
0.988230
0.987966
0.984549
0.980167
0.985188
0.979449
0.978048
0.974412
0.981846
0.973987
0.971503
0.981938
0.984971
0.988010
0.991123
0.993387
0.997199
0.997410
0.997402
0.999202
0.998700
0.999197
0.998914
0.999289
0.998997
0.998499
0.997910
0.996357
0.996879
0.995621
0.994513
0.993496
0.992049
0.991875
0.990051
0.988952
0.989475
0.992930
0.996093
0.997759
0.998989
0.998956
0.999109
0.999004
0.998848
0.998762
0.998892
0.999134
0.996266
0.997991
0.997902
0.998195
0.988546
0.986817
0.970586
0.968434
0.962394
0.973051
0.936807
0.869266
0.919134
0.903955
0.891091
0.888819
0.857338
0.860692
0.860147
0.861208
0.862756
0.869578
0.870360
0.870976
0.872513
0.875984
0.874540
0.874288
0.874551
0.875323
0.875789
0.876205
0.876519
0.876852
0.877342
0.876850
0.876361
0.876890
0.878326
0.878765
0.865493
0.864073
0.863481
0.856583
0.860495
0.874755
0.839078
0.742320
0.656192
0.594031
0.523394
0.554649
0.546447
0.652121
0.834479
0.937907
0.977151
0.984735
0.988991
0.990899
0.990865
0.992345
0.992218
0.991937
0.988259
0.989936
0.992139
0.994705
0.994227
0.994365
0.995522
0.994949
0.994968
0.995424
0.994985
0.995758
0.995634
0.995791
0.995687
0.994835
0.990632
0.986750
0.982325
0.989562
0.992823
0.995603
0.508592
0.474421
0.490823
0.514161
0.531343
0.990536
0.993093
0.990055
0.989863
0.985165
0.986406
0.985645
0.988749
0.987388
0.991684
0.992377
0.994350
0.996274
0.997574
0.998717
0.998918
0.998714
0.999681
0.998852
0.998555
0.997949
0.997380
0.997634
0.995641
0.994378
0.993437
0.990700
0.990083
0.989983
0.989909
0.990521
0.990227
0.990890
0.990414
0.990826
0.994528
0.997483
0.998516
0.999455
0.999594
0.999655
0.999286
0.999281
0.999259
0.998855
0.997340
0.987080
0.898008
0.762033
0.786710
0.783032
0.742184
0.774770
0.736672
0.779489
0.949849
0.986485
0.969424
0.940008
0.972395
0.918366
0.930148
0.931261
0.934300
0.936239
0.941191
0.942923
0.942764
0.944408
0.944297
0.945638
0.946957
0.946146
0.946416
0.946881
0.946503
0.946007
0.946256
0.946071
0.946228
0.946279
0.945682
0.945516
0.945399
0.944545
0.933966
0.931851
0.931834
0.925086
0.916020
0.915333
0.873740
0.754369
0.651487
0.617365
0.608319
0.604598
0.596589
0.587039
0.576422
0.567098
0.563614
0.560057
0.556002
0.554887
0.551586
0.548461
0.550834
0.554006
0.529661
0.535294
0.493313
0.510297
0.479810
0.525245
0.512872
0.493080
0.498334
0.485128
0.513690
0.503491
0.501027
0.500966
0.504256
0.506900
0.511002
0.525202
0.495565
0.502189
0.517148
0.483914
0.503555
0.510468
0.616605
0.776782
0.858103
0.923429
0.949351
0.965366
0.973601
0.976968
0.979302
0.981694
0.984466
0.984795
0.985904
0.986269
0.988506
0.989002
0.990536
0.991258
0.991157
0.990879
0.991413
0.991925
0.993009
0.986743
0.894866
0.547444
0.533704
0.560321
0.530092
0.530318
0.535670
0.548858
0.551596
0.538884
0.545353
0.542948
0.520619
0.540547
0.553850
0.519919
0.517602
0.539007
0.520058
0.602555
0.585177
0.607034
0.600784
0.633309
0.640671
0.654450
0.647426
0.642505
0.641860
0.650561
0.651687
0.649647
0.651351
0.653066
0.653436
0.652637
0.655904
0.658766
0.655923
0.656791
0.659089
0.661595
0.661411
0.659192
0.659351
0.661448
0.659295
0.651505
0.651324
0.643721
0.633049
0.617655
0.604494
0.602430
0.620729
0.554301
0.542174
0.567048
0.525602
0.513303
0.519819
0.515308
0.526190
0.520176
0.558287
0.723489
0.907227
0.969370
0.981297
0.987336
0.994086
0.994758
0.995258
0.995567
0.995754
0.997231
0.996932
0.997658
0.997028
0.997208
0.997071
0.997513
0.997815
0.997831
0.998252
0.997533
0.997595
0.997437
0.997236
0.997091
0.996270
0.994254
0.986160
0.980558
0.988807
0.996097
0.994863
0.992204
0.989790
0.984173
0.983037
0.982779
0.975002
0.977836
0.975756
0.971547
0.974906
0.964114
0.959610
0.961625
0.964591
0.969314
0.974214
0.973974
0.985735
0.987752
0.990129
0.993291
0.995295
0.994995
0.996549
0.998065
0.998148
0.999243
0.999251
0.998770
0.999277
0.998639
0.998052
0.997227
0.995630
0.994428
0.993787
0.993284
0.992271
0.988910
0.986648
0.990545
0.997877
0.999004
0.999595
0.999582
0.999589
0.999524
0.999554
0.998985
0.999078
0.998428
0.998333
0.996952
0.974385
0.980029
0.973341
0.985110
0.978790
0.956040
0.875882
0.927520
0.889881
0.952975
0.934319
0.907235
0.897119
0.909818
0.924202
0.925344
0.922822
0.922999
0.920137
0.919455
0.916318
0.917825
0.916271
0.915185
0.915143
0.915480
0.916518
0.917285
0.917241
0.916311
0.915788
0.915785
0.916273
0.917106
0.917852
0.918641
0.919896
0.925532
0.927076
0.917711
0.895109
0.881394
0.852845
0.797528
0.729597
0.644118
0.574378
0.546021
0.534540
0.573802
0.753979
0.893897
0.941358
0.978163
0.990760
0.990067
0.992421
0.993416
0.993055
0.993017
0.993516
0.993530
0.994590
0.995334
0.995964
0.996469
0.996178
0.995183
0.996292
0.995459
0.996266
0.996278
0.996093
0.996141
0.995363
0.995354
0.995106
0.990426
0.983298
0.971758
0.991135
0.992878
0.994967
0.992304
0.986303
0.986161
0.984570
0.976105
0.978708
0.974997
0.460781
0.970104
0.973957
0.976622
0.974868
0.980587
0.984580
0.985320
0.989854
0.993709
0.994877
0.997788
0.748952
0.961667
0.993416
0.996418
0.997277
0.997307
0.997099
0.996461
0.994178
0.991931
0.990227
0.988593
0.985912
0.986756
0.985643
0.986071
0.985587
0.984990
0.985560
0.985772
0.987651
0.992125
0.997125
0.996771
0.814120
0.999177
0.999166
0.999454
0.999139
0.999072
0.997525
0.953171
0.958335
0.970853
0.920584
0.975056
0.988222
0.994512
0.979567
0.978837
0.967168
0.944335
0.981184
0.952286
0.957920
0.928348
0.905920
0.906660
0.907657
0.903768
0.899764
0.901562
0.901919
0.901957
0.902080
0.903854
0.902423
0.902427
0.902301
0.902086
0.902103
0.901995
0.902044
0.902127
0.902071
0.902279
0.902300
0.902386
0.902158
0.902103
0.902292
0.909098
0.911050
0.904278
0.909289
0.906289
0.885620
0.805508
0.725052
0.648288
0.564264
0.629976
0.754647
0.892146
0.963039
0.988198
0.991556
0.992374
0.992650
0.992304
0.994275
0.993696
0.995173
0.995523
0.995425
0.996173
0.994808
0.994046
0.994476
0.995500
0.996960
0.996983
0.996584
0.996474
0.996457
0.996500
0.996826
0.995329
0.993569
0.986403
0.977589
0.989104
0.994458
0.995444
0.994936
0.991109
0.990666
0.989633
0.986622
0.988161
0.978653
0.981355
0.974412
0.972658
0.974936
0.962704
0.962816
0.965197
0.968899
0.967708
0.977429
0.985866
0.984977
0.991067
0.993712
0.995795
0.997326
0.998146
0.998090
0.999222
0.998622
0.999648
0.999659
0.999672
0.999618
0.999456
0.999650
0.999906
0.999574
0.999840
0.999780
0.999237
0.999436
0.999037
0.991403
0.990677
0.997455
0.998490
0.998649
0.999048
0.998663
0.998244
0.998214
0.997723
0.996878
0.995194
0.994419
0.993256
0.993524
0.994023
0.981801
0.967057
0.977665
0.978046
0.982426
0.980140
0.960265
0.976559
0.972388
0.952880
0.967933
0.961836
0.958845
0.961736
0.964848
0.966149
0.968221
0.968032
0.967557
0.967966
0.968957
0.969190
0.968988
0.969121
0.969488
0.969603
0.969043
0.969084
0.969579
0.969730
0.970835
0.970936
0.970252
0.969669
0.960468
0.964496
0.967067
0.956625
0.952147
0.955822
0.878686
0.770158
0.684069
0.618258
0.596297
0.586868
0.582321
0.575803
0.567446
0.563804
0.558737
0.554523
0.556670
0.552841
0.547539
0.544277
0.546303
0.539478
0.529860
0.495831
0.561232
0.917484
0.972385
0.987808
0.994083
0.993493
0.928306
0.993028
0.988601
0.985191
0.985203
0.984251
0.983390
0.980007
0.977016
0.976372
0.973790
0.975130
0.974744
0.977777
0.978260
0.987849
0.990029
0.991365
0.993488
0.995925
0.996704
0.997854
0.998412
0.997986
0.997782
0.996114
0.996899
0.997161
0.994267
0.993360
0.993039
0.990551
0.990455
0.987764
0.986736
0.986983
0.987052
0.984693
0.985192
0.988032
0.994785
0.998506
0.999225
0.999337
0.999501
0.999465
0.999207
0.999471
0.999175
0.998766
0.998593
0.998366
0.998616
0.995423
0.983477
0.947767
0.928358
0.951819
0.954250
0.940345
0.973000
0.974939
0.961574
0.953267
0.951331
0.953005
0.951020
0.952339
0.951171
0.951072
0.950406
0.950906
0.951540
0.951129
0.950669
0.950235
0.949928
0.949948
0.950348
0.950566
0.950951
0.950872
0.950770
0.950789
0.950936
0.950250
0.950586
0.956563
0.952472
0.953370
0.957189
0.958454
0.952828
0.921780
0.822900
0.710654
0.683294
0.648321
0.625224
0.624632
0.613179
0.602592
0.587897
0.591295
0.590434
0.588811
0.582227
0.576715
0.566974
0.567430
0.569711
0.583595
0.670846
0.916393
0.972790
0.981389
0.991083
0.993861
0.993190
0.989495
0.990013
0.987795
0.986430
0.978533
0.976899
0.975685
0.972575
0.972321
0.972334
0.965122
0.959966
0.963670
0.957426
0.969674
0.973156
0.979745
0.981790
0.987914
0.990271
0.993027
0.994540
0.996490
0.996317
0.997703
0.997493
0.999136
0.998077
0.998028
0.998951
0.998201
0.998155
0.999044
0.997013
0.997348
0.997165
0.995454
0.996722
0.995989
0.991777
0.991406
0.999902
1.000000
0.999998
1.000000
0.999984
0.999999
0.999984
0.999983
0.999955
0.999962
0.999965
0.999924
0.996014
0.998796
0.993542
0.985758
0.989994
0.979415
0.986452
0.967723
0.993788
0.973972
0.955498
0.947714
0.945034
0.947472
0.946867
0.944044
0.946060
0.944481
0.944289
0.943921
0.944435
0.944490
0.944973
0.945207
0.945707
0.946020
0.946030
0.945248
0.944571
0.944625
0.945533
0.946402
0.948073
0.946675
0.947937
0.946328
0.948953
0.960564
0.967890
0.975545
0.965767
0.900859
0.773947
0.672891
0.632185
0.626653
0.627552
0.637881
0.639471
0.635419
0.638184
0.636163
0.629789
0.629988
0.623209
0.621461
0.616451
0.615721
0.617108
0.596661
0.536177
0.531167
0.829276
0.989260
0.999136
0.998662
0.997986
0.997916
0.997776
0.996226
0.997364
0.997959
0.998105
0.999252
0.999346
0.999595
0.999895
0.999496
0.999856
0.999929
0.999938
0.999916
0.999868
0.999931
0.999898
0.999857
0.999935
0.999904
0.999857
