0.000000
0.972362
0.972450
0.972530
0.972418
0.972343
0.972270
0.972261
0.972444
0.972388
0.972180
0.972136
0.972152
0.972333
0.972055
0.972152
0.972131
0.972291
0.972454
0.972442
0.972703
0.972639
0.972794
0.972247
0.971813
0.971995
0.971444
0.970801
0.969949
0.969499
0.968161
0.967651
0.967318
0.969856
0.969620
0.969461
0.968948
0.969356
0.969257
0.970493
0.969118
0.970113
0.971085
0.970687
0.970854
0.971498
0.971832
0.971066
0.971874
0.971831
0.971893
0.972566
0.972417
0.971827
0.971821
0.971357
0.971170
0.969572
0.961775
0.947870
0.943859
0.953574
0.956707
0.960636
0.956196
0.958647
0.957434
0.956858
0.955277
0.958948
0.957836
0.952636
0.961310
0.957587
0.958144
0.961299
0.960979
0.962023
0.961319
0.963531
0.965391
0.965087
0.966423
0.965872
0.966397
0.968860
0.969053
0.969681
0.970517
0.969945
0.971738
0.971766
0.971971
0.972006
0.972648
0.972602
0.973953
0.974424
0.973886
0.973780
0.974010
0.975002
0.976188
0.977628
0.977861
0.977950
0.973556
0.976881
0.975024
0.974828
0.972366
0.972015
0.970285
0.968952
0.966698
0.966649
0.965030
0.963985
0.963451
0.964685
0.964200
0.963762
0.963372
0.961424
0.961225
0.957872
0.956715
0.956433
0.956174
0.955918
0.955383
0.956846
0.956576
0.957208
0.958367
0.957482
0.958083
0.962697
0.958513
0.957185
0.944411
0.946539
0.947195
0.949182
0.951006
0.952515
0.954372
0.954619
0.955822
0.955702
0.955678
0.948958
0.947585
0.942422
0.933475
0.939822
0.955666
0.960424
0.955026
0.939680
0.847386
0.774575
0.771729
0.742154
0.812200
0.924218
0.962715
0.968729
0.970569
0.971134
0.970680
0.971441
0.970986
0.970728
0.971226
0.972548
0.973380
0.973628
0.973865
0.974315
0.974101
0.973444
0.974140
0.974493
0.974704
0.974105
0.974254
0.973978
0.974078
0.970045
0.968623
0.967682
0.963418
0.969528
0.965552
0.967218
0.960800
0.967811
0.963353
0.966508
0.962720
0.962309
0.966816
0.964094
0.967119
0.964008
0.964669
0.967435
0.967461
0.968790
0.968306
0.969936
0.971721
0.971122
0.972620
0.972944
0.971499
0.972545
0.973656
0.973719
0.975055
0.974762
0.975194
0.975011
0.976530
0.976510
0.976785
0.977027
0.976855
0.976456
0.976927
0.976878
0.977120
0.978063
0.977822
0.978632
0.978350
0.978328
0.976921
0.976634
0.975890
0.975658
0.973251
0.972343
0.971657
0.970097
0.968941
0.969028
0.968219
0.967821
0.963591
0.967369
0.953341
0.954468
0.951769
0.925281
0.921085
0.930449
0.922410
0.930806
0.933311
0.928994
0.925392
0.921891
0.920250
0.921783
0.921364
0.922959
0.920364
0.919770
0.918473
0.920841
0.920227
0.920748
0.920876
0.922152
0.922233
0.923124
0.923833
0.923595
0.923866
0.925404
0.921346
0.935362
0.923830
0.934513
0.930256
0.934669
0.923789
0.918602
0.926935
0.894526
0.807561
0.764124
0.849222
0.922966
0.958542
0.967548
0.970483
0.971804
0.971557
0.973391
0.973086
0.973605
0.973092
0.974031
0.973510
0.972967
0.973630
0.973725
0.974066
0.974515
0.974408
0.974849
0.975255
0.974755
0.975163
0.974136
0.974979
0.973931
0.973381
0.971824
0.967991
0.970369
0.968546
0.969399
0.969227
0.968400
0.966686
0.968923
0.965893
0.964082
0.970663
0.968552
0.962875
0.967275
0.969177
0.970119
0.967990
0.971352
0.972515
0.971703
0.971945
0.971854
0.973122
0.974523
0.974707
0.974529
0.975373
0.976255
0.975055
0.976088
0.976478
0.976630
0.976583
0.976545
0.977062
0.977505
0.977932
0.978393
0.978021
0.978417
0.977862
0.977855
0.977913
0.978978
0.979066
0.979004
0.978160
0.978361
0.977606
0.977170
0.976711
0.975881
0.973248
0.974322
0.974201
0.972866
0.972670
0.972020
0.971643
0.971399
0.967781
0.969163
0.964896
0.964594
0.960319
0.933756
0.916563
0.924584
0.923370
0.921385
0.922218
0.924007
0.925039
0.926151
0.927810
0.929132
0.927707
0.927546
0.927416
0.927703
0.927975
0.927685
0.927913
0.928346
0.928573
0.929596
0.929163
0.928895
0.929058
0.929886
0.929745
0.929862
0.927433
0.922594
0.926529
0.920705
0.927961
0.932279
0.939525
0.929687
0.907514
0.869732
0.754176
0.711953
0.664750
0.747257
0.865072
0.947649
0.968353
0.971458
0.972681
0.970635
0.973518
0.973625
0.973957
0.974255
0.973597
0.973066
0.973183
0.972480
0.973827
0.973636
0.973841
0.974271
0.974335
0.974509
0.974412
0.974689
0.974041
0.974783
0.973964
0.973569
0.969613
0.970796
0.967654
0.968152
0.969327
0.968865
0.966793
0.967929
0.964285
0.969804
0.967154
0.968546
0.962463
0.965339
0.965980
0.968056
0.966972
0.968502
0.968570
0.968869
0.970791
0.970516
0.972790
0.970330
0.973211
0.973844
0.973296
0.973487
0.974766
0.976044
0.975703
0.976431
0.976836
0.977193
0.977100
0.977067
0.976942
0.977722
0.977817
0.977501
0.978090
0.978193
0.978046
0.978691
0.978882
0.979177
0.979424
0.978631
0.978217
0.977089
0.976994
0.976827
0.975103
0.974177
0.974230
0.972153
0.971597
0.971279
0.969767
0.970256
0.969839
0.960185
0.966208
0.963719
0.956043
0.959387
0.932912
0.917310
0.937715
0.926465
0.928080
0.927383
0.927702
0.927737
0.925035
0.923024
0.922448
0.921650
0.921386
0.923100
0.922566
0.923118
0.921411
0.921591
0.921879
0.921354
0.920918
0.919906
0.920500
0.921123
0.921366
0.921296
0.919998
0.922843
0.928260
0.932393
0.936232
0.920239
0.921183
0.925650
0.949359
0.938245
0.873358
0.811372
0.736893
0.654191
0.617840
0.610452
0.599318
0.591073
0.567349
0.580238
0.576425
0.652838
0.597112
0.567265
0.547914
0.720069
0.660914
0.594802
0.816541
0.945383
0.969526
0.972902
0.972019
0.973125
0.972351
0.972601
0.973475
0.975106
0.975205
0.974146
0.974583
0.974460
0.974703
0.974884
0.974870
0.974364
0.974044
0.974114
0.974181
0.974731
0.974626
0.974593
0.974333
0.970981
0.969497
0.968799
0.969196
0.925554
0.968811
0.967572
0.971316
0.969532
0.968489
0.971854
0.971574
0.970305
0.970920
0.971730
0.971312
0.971334
0.972717
0.973151
0.974059
0.974538
0.975149
0.975675
0.976323
0.976697
0.976562
0.976736
0.977503
0.977260
0.976549
0.977763
0.977906
0.978183
0.977560
0.977880
0.978497
0.978346
0.978415
0.978876
0.978909
0.978627
0.978980
0.978737
0.978714
0.978964
0.977705
0.977863
0.977571
0.977102
0.975888
0.975696
0.974545
0.971084
0.967631
0.958953
0.947426
0.937314
0.916609
0.897853
0.854834
0.835396
0.790513
0.818734
0.834921
0.865833
0.893551
0.896849
0.893549
0.889732
0.888682
0.885754
0.881820
0.881551
0.880171
0.880837
0.879809
0.879238
0.879056
0.879898
0.879743
0.879997
0.879329
0.880492
0.880665
0.879897
0.880930
0.881056
0.885220
0.895207
0.897413
0.881628
0.851543
0.827548
0.817703
0.814201
0.793253
0.737419
0.702425
0.651232
0.633346
0.616771
0.604934
0.600175
0.575454
0.544465
0.578349
0.601448
0.551984
0.558066
0.578738
0.536083
0.550628
0.521531
0.544928
0.557373
0.710637
0.895954
0.954026
0.970251
0.972265
0.973329
0.974082
0.973666
0.974091
0.974554
0.973286
0.974782
0.972746
0.974510
0.975293
0.975261
0.975419
0.975631
0.976190
0.976165
0.975563
0.975839
0.975737
0.975707
0.975391
0.973908
0.971784
0.971813
0.971211
0.971013
0.967347
0.969671
0.968247
0.967741
0.965543
0.967225
0.967833
0.968577
0.967354
0.965382
0.966684
0.966962
0.967372
0.968277
0.969073
0.972085
0.970824
0.971101
0.970825
0.971478
0.973316
0.974082
0.974046
0.975332
0.975352
0.975105
0.976206
0.975408
0.975404
0.976526
0.977306
0.976732
0.977088
0.978321
0.978659
0.979390
0.979351
0.979383
0.978355
0.977354
0.976393
0.974453
0.973846
0.970921
0.969540
0.968225
0.966428
0.961026
0.965556
0.951249
0.924991
0.875727
0.808946
0.790787
0.680301
0.693197
0.741073
0.804611
0.817802
0.805407
0.816841
0.815137
0.808116
0.799428
0.798766
0.794584
0.796514
0.799870
0.802507
0.806186
0.804777
0.807661
0.805342
0.808687
0.806723
0.807534
0.807490
0.806283
0.805535
0.806592
0.808513
0.798968
0.808844
0.818043
0.840123
0.814888
0.749971
0.755904
0.757458
0.707471
0.687556
0.617873
0.629050
0.608691
0.590627
0.585048
0.593786
0.565217
0.573399
0.568560
0.570984
0.539512
0.557537
0.727756
0.907738
0.962949
0.972668
0.972859
0.974284
0.972981
0.974116
0.973603
0.973552
0.974709
0.974477
0.974678
0.974453
0.974488
0.975110
0.974983
0.974943
0.975020
0.974987
0.974942
0.975529
0.975015
0.974312
0.972298
0.971952
0.969205
0.969969
0.969145
0.969735
0.969037
0.968369
0.965948
0.970759
0.966106
0.969540
0.968568
0.969716
0.969825
0.969294
0.968955
0.971967
0.970676
0.970665
0.973259
0.973313
0.973472
0.974283
0.974463
0.975980
0.975594
0.974817
0.976525
0.976325
0.976668
0.977569
0.977098
0.977092
0.977243
0.977998
0.977830
0.977580
0.977562
0.978910
0.978776
0.979191
0.979296
0.977726
0.979187
0.977663
0.973492
0.976502
0.974576
0.971623
0.973304
0.972299
0.971437
0.970615
0.969971
0.968887
0.958100
0.945448
0.885870
0.851138
0.818791
0.753661
0.721585
0.766057
0.814984
0.799666
0.800593
0.807732
0.802349
0.798396
0.795578
0.795218
0.794666
0.794927
0.791929
0.791493
0.788151
0.791137
0.790205
0.792041
0.792408
0.792072
0.792353
0.793253
0.791791
0.789701
0.793762
0.809509
0.804985
0.808771
0.822904
0.811890
0.805269
0.754310
0.729601
0.719337
0.703190
0.654950
0.632770
0.601586
0.571724
0.574073
0.568021
0.582400
0.571314
0.573308
0.568990
0.750721
0.901960
0.957639
0.969504
0.972676
0.972472
0.973506
0.973684
0.971951
0.974025
0.974934
0.974918
0.974722
0.974017
0.974026
0.974177
0.974021
0.974652
0.975488
0.975388
0.974861
0.974881
0.975172
0.972559
0.969997
0.968596
0.968665
0.966533
0.966872
0.969621
0.964114
0.965498
0.965310
0.962264
0.963807
0.965395
0.963356
0.963012
0.962090
0.962273
0.966443
0.966436
0.964235
0.968953
0.966827
0.969450
0.967391
0.969884
0.971096
0.968713
0.969912
0.970373
0.973477
0.973715
0.973497
0.973893
0.974362
0.975078
0.974710
0.975360
0.975708
0.976061
0.975895
0.976879
0.977765
0.978268
0.979433
0.978928
0.978345
0.977755
0.975898
0.974913
0.972905
0.970409
0.968485
0.967464
0.965471
0.963727
0.963163
0.942545
0.933958
0.906564
0.889874
0.846455
0.795034
0.773404
0.784565
0.809251
0.813527
0.814918
0.823654
0.830068
0.830505
0.830719
0.830266
0.828006
0.828899
0.830512
0.830988
0.830259
0.829801
0.832277
0.831068
0.830345
0.831693
0.830949
0.831097
0.831906
0.833081
0.833329
0.830480
0.813589
0.806883
0.818617
0.808333
0.816278
0.781807
0.762838
0.749540
0.748858
0.671683
0.611384
0.623904
0.602756
0.572441
0.587250
0.579537
0.572786
0.561341
0.545849
0.552536
0.554892
0.560994
0.563028
0.558016
0.546877
0.553223
0.519971
0.541790
0.657715
0.893584
0.960078
0.971038
0.973674
0.973765
0.973418
0.975266
0.975833
0.975141
0.974569
0.975619
0.976012
0.975539
0.975440
0.975332
0.976098
0.975951
0.975767
0.975343
0.975698
0.974860
0.974580
0.975051
0.971804
0.973896
0.971565
0.971994
0.972737
0.972440
0.970764
0.971650
0.970031
0.971674
0.969271
0.971988
0.972467
0.969980
0.970546
0.971182
0.973221
0.972000
0.974790
0.973733
0.975174
0.974810
0.975042
0.975595
0.976221
0.975858
0.977214
0.977386
0.978029
0.977525
0.978355
0.977892
0.978075
0.978457
0.978779
0.978770
0.978423
0.978244
0.978247
0.978714
0.979587
0.979919
0.980241
0.979947
0.979111
0.977781
0.978445
0.977349
0.976554
0.976127
0.974386
0.974018
0.973086
0.972440
0.972989
0.970014
0.969769
0.938642
0.867707
0.829878
0.726369
0.663940
0.667385
0.667610
0.779477
0.779355
0.768556
0.772669
0.787090
0.787233
0.788576
0.795595
0.797866
0.792881
0.789931
0.788970
0.790030
0.787397
0.788566
0.784816
0.782767
0.780191
0.782498
0.778335
0.776647
0.776052
0.775749
0.775523
0.788972
0.784681
0.760593
0.772998
0.762120
0.766177
0.756805
0.713417
0.724206
0.716866
0.678718
0.625460
0.619014
0.619503
0.592577
0.576497
0.565142
0.550766
0.535990
0.561881
0.566378
0.551016
0.555935
0.566703
0.552563
0.534080
0.552901
0.551191
0.547346
0.531350
0.540301
0.547430
0.615623
0.837065
0.943333
0.967538
0.974708
0.975044
0.975762
0.974327
0.852155
0.857494
0.909726
0.931943
0.945997
0.953968
0.957069
0.962895
0.963602
0.965345
0.963775
0.965351
0.967294
0.969830
0.974138
0.975220
0.975032
0.974300
0.973097
0.969109
0.971870
0.971159
0.971998
0.968134
0.972233
0.972400
0.971127
0.972422
0.969508
0.971169
0.970697
0.972336
0.971783
0.972318
0.973090
0.973701
0.973148
0.973890
0.974262
0.974667
0.975037
0.974757
0.975983
0.977036
0.976742
0.976295
0.977433
0.977708
0.977656
0.977582
0.978433
0.978961
0.978972
0.978758
0.978503
0.979411
0.979064
0.979369
0.979501
0.980327
0.980384
0.979465
0.979434
0.978353
0.978561
0.976764
0.976176
0.975785
0.974173
0.973523
0.973494
0.971766
0.972552
0.971285
0.970992
0.964818
0.920994
0.850137
0.716900
0.672143
0.618211
0.630960
0.687087
0.746400
0.758244
0.724932
0.727474
0.718906
0.717769
0.717568
0.717483
0.718357
0.722087
0.718652
0.717745
0.719653
0.717482
0.720128
0.720479
0.721757
0.717934
0.720168
0.723210
0.721294
0.722688
0.722109
0.721821
0.715410
0.720394
0.755102
0.807250
0.792694
0.746280
0.714860
0.705792
0.690905
0.656940
0.650131
0.621546
0.631569
0.613826
0.582864
0.588525
0.559194
0.545940
0.641776
0.860728
0.946129
0.970965
0.974207
0.975107
0.974661
0.974469
0.973735
0.974182
0.975016
0.974905
0.975808
0.975972
0.976357
0.975519
0.975645
0.975479
0.975949
0.975500
0.975552
0.974720
0.975849
0.976035
0.975656
0.973600
0.972191
0.972382
0.971867
0.971805
0.968405
0.970191
0.970583
0.969344
0.970439
0.968175
0.967913
0.970196
0.969633
0.971000
0.967314
0.968725
0.970318
0.969023
0.971992
0.973249
0.971284
0.973372
0.974592
0.974491
0.975222
0.974428
0.975453
0.975140
0.976064
0.976471
0.976292
0.976705
0.976320
0.977421
0.977427
0.977220
0.977767
0.978354
0.978290
0.979263
0.979518
0.979269
0.979969
0.979348
0.979322
0.978063
0.977845
0.976688
0.975397
0.973983
0.973092
0.971355
0.970127
0.969656
0.969525
0.969259
0.962401
0.936126
0.871757
0.852692
0.856616
0.823173
0.787476
0.764704
0.782055
0.798739
0.800863
0.800842
0.794714
0.795779
0.795007
0.795081
0.795186
0.798205
0.799711
0.801957
0.802832
0.802704
0.805259
0.803171
0.803033
0.804363
0.803190
0.803591
0.801816
0.802499
0.802438
0.798900
0.781854
0.792728
0.799211
0.821476
0.804029
0.784280
0.759954
0.716786
0.655771
0.654758
0.642679
0.600107
0.604826
0.603699
0.593810
0.572355
0.554976
0.562802
0.550589
0.562032
0.563678
0.543772
0.544091
0.533958
0.542517
0.555824
0.532852
0.538613
0.527030
0.522114
0.538666
0.555916
0.523342
0.519946
0.532187
0.534536
0.539477
0.511482
0.553801
0.539230
0.550253
0.521200
0.553478
0.551462
0.534919
0.522009
0.576840
0.542659
0.523308
0.572015
0.546035
0.552710
0.553369
0.530545
0.538744
0.545470
0.512150
0.513588
0.666502
0.863694
0.950556
0.969604
0.975962
0.976825
0.974960
0.975897
0.973878
0.975022
0.976716
0.977104
0.977259
0.977318
0.977236
0.977351
0.976871
0.977374
0.977043
0.977270
0.977320
0.977511
0.977583
0.977805
0.977498
0.975491
0.973260
0.972983
0.972704
0.974663
0.972653
0.973307
0.974019
0.969621
0.972049
0.973682
0.973212
0.973603
0.973862
0.972154
0.970796
0.972018
0.973910
0.974139
0.972481
0.974382
0.976654
0.975256
0.976449
0.976863
0.976246
0.977700
0.977434
0.977287
0.978423
0.977738
0.978481
0.978426
0.978434
0.978976
0.979677
0.979325
0.979953
0.979838
0.980256
0.980493
0.980979
0.981270
0.981078
0.980789
0.980699
0.980427
0.979053
0.979020
0.977162
0.976422
0.976402
0.975306
0.974516
0.974051
0.973786
0.973338
0.972838
0.958191
0.924492
0.845653
0.755492
0.638025
0.606400
0.600861
0.591611
0.544257
0.544330
0.560331
0.568988
0.620931
0.690311
0.721575
0.794609
0.771040
0.764050
0.771295
0.758994
0.755628
0.757791
0.752533
0.748067
0.746087
0.743575
0.741610
0.745351
0.748025
0.748128
0.747948
0.746924
0.745626
0.746849
0.749402
0.744941
0.743772
0.749791
0.760574
0.775362
0.783752
0.801017
0.773840
0.704604
0.664511
0.689104
0.678115
0.639199
0.640918
0.608888
0.621679
0.582471
0.600032
0.588018
0.571579
0.554408
0.560804
0.560947
0.560675
0.560877
0.559353
0.549377
0.571874
0.538221
0.544233
0.547823
0.534145
0.545554
0.542583
0.565950
0.540889
0.551895
0.536086
0.736694
0.941447
0.964684
0.972646
0.974491
0.974535
0.975104
0.975276
0.975501
0.975180
0.975695
0.976298
0.976413
0.975772
0.975662
0.976114
0.976406
0.976217
0.976221
0.975727
0.976442
0.975765
0.976424
0.975735
0.974121
0.969902
0.972281
0.970783
0.972161
0.969203
0.971025
0.969141
0.970008
0.968745
0.969837
0.966777
0.969232
0.967696
0.969205
0.968567
0.968955
0.972440
0.970987
0.972273
0.971907
0.972390
0.973778
0.973411
0.974366
0.973797
0.975220
0.975053
0.974915
0.975592
0.976408
0.976495
0.976002
0.975554
0.976755
0.977178
0.977456
0.978167
0.977344
0.978373
0.979030
0.980099
0.979699
0.980304
0.979061
0.978565
0.977723
0.976243
0.974656
0.973240
0.972766
0.971312
0.970613
0.969232
0.969130
0.968162
0.960711
0.955087
0.868182
0.754905
0.686993
0.669254
0.643502
0.619650
0.663410
0.684228
0.715017
0.751126
0.747294
0.747619
0.741423
0.739328
0.735827
0.734833
0.738520
0.738278
0.741327
0.741092
0.739220
0.739465
0.736388
0.740047
0.736573
0.737411
0.736112
0.734327
0.736099
0.738060
0.735713
0.740792
0.740035
0.746175
0.748149
0.770970
0.747940
0.709187
0.697740
0.650738
0.669225
0.672845
0.653501
0.622366
0.621070
0.597009
0.581004
0.572657
0.548692
0.552728
0.542827
0.545971
0.544901
0.535646
0.543748
0.551735
0.553710
0.554692
0.543726
0.563856
0.541046
0.533213
0.553516
0.532899
0.518388
0.511381
0.603532
0.807824
0.949358
0.971412
0.974917
0.973867
0.974329
0.975456
0.975478
0.976069
0.976304
0.975850
0.975893
0.976037
0.976058
0.976703
0.976114
0.976240
0.976192
0.976160
0.976432
0.976502
0.976476
0.976948
0.976757
0.976475
0.973865
0.972948
0.972269
0.972870
0.970681
0.972675
0.972596
0.970535
0.970435
0.969874
0.971481
0.967127
0.969696
0.968116
0.970955
0.969442
0.971285
0.972035
0.970929
0.972198
0.973916
0.974537
0.973419
0.973914
0.974628
0.975819
0.976072
0.975562
0.976422
0.976452
0.977041
0.975797
0.977012
0.977645
0.977747
0.978043
0.977476
0.977609
0.977952
0.979243
0.979019
0.980287
0.980494
0.980658
0.979947
0.978972
0.977381
0.976955
0.975630
0.974599
0.972662
0.971549
0.970096
0.968988
0.969683
0.969302
0.953467
0.939025
0.826040
0.749195
0.665988
0.651855
0.597700
0.621970
0.706156
0.728193
0.719687
0.711532
0.685916
0.686950
0.694690
0.697168
0.695322
0.698569
0.699905
0.703168
0.700434
0.699064
0.700187
0.698705
0.702506
0.702140
0.702260
0.699139
0.701453
0.701519
0.700740
0.701200
0.698460
0.724266
0.713126
0.748892
0.768621
0.721411
0.700994
0.670452
0.688539
0.677639
0.658555
0.608094
0.611219
0.585988
0.561802
0.588654
0.576271
0.559484
0.591743
0.557676
0.565590
0.544303
0.566243
0.536501
0.523715
0.534678
0.549461
0.534464
0.532035
0.533418
0.550704
0.560841
0.760577
0.924808
0.964140
0.973382
0.973428
0.974132
0.974292
0.975409
0.975680
0.976372
0.976034
0.975379
0.975814
0.975836
0.976232
0.975754
0.975923
0.976127
0.976655
0.976738
0.977154
0.976452
0.976655
0.977123
0.972947
0.971053
0.973271
0.971908
0.972137
0.970501
0.972816
0.972296
0.969865
0.971471
0.970117
0.970967
0.969351
0.968519
0.970169
0.969346
0.968480
0.969723
0.972245
0.971503
0.971952
0.973880
0.973284
0.972575
0.974993
0.974537
0.974102
0.974299
0.975585
0.976305
0.976767
0.977088
0.976657
0.976512
0.977020
0.976900
0.977822
0.977658
0.977820
0.977398
0.978575
0.978941
0.980056
0.980694
0.980588
0.979873
0.978880
0.977792
0.977239
0.974972
0.973451
0.972522
0.971340
0.970373
0.968924
0.968778
0.967380
0.967022
0.965728
0.897911
0.852220
0.680920
0.659512
0.621155
0.608261
0.704007
0.716454
0.726598
0.727405
0.718368
0.723348
0.718136
0.714318
0.706683
0.700385
0.701484
0.699130
0.696615
0.693870
0.692457
0.691558
0.690231
0.688955
0.686842
0.688081
0.686946
0.685147
0.683738
0.683696
0.687135
0.720283
0.721232
0.720409
0.735793
0.768344
0.713449
0.704735
0.672793
0.663882
0.682401
0.651578
0.622749
0.590331
0.620610
0.592905
0.565486
0.575365
0.564098
0.568304
0.591452
0.756028
0.921989
0.964644
0.973050
0.973996
0.974944
0.975045
0.975961
0.974629
0.974385
0.974430
0.973544
0.975344
0.975722
0.976672
0.976569
0.977013
0.977098
0.976811
0.976741
0.976634
0.976239
0.977468
0.975588
0.974007
0.972845
0.972522
0.972736
0.972633
0.968349
0.971414
0.970118
0.970497
0.969516
0.967003
0.968983
0.965392
0.969057
0.967978
0.966312
0.964466
0.970702
0.970136
0.967376
0.970694
0.970331
0.972212
0.971869
0.970073
0.973117
0.973932
0.974549
0.974929
0.974978
0.974857
0.975860
0.975598
0.976136
0.976527
0.976360
0.976525
0.976680
0.977209
0.978078
0.979206
0.979438
0.980088
0.979965
0.979868
0.979493
0.977696
0.976916
0.975456
0.966751
0.973197
0.971382
0.969660
0.967424
0.966090
0.965197
0.962783
0.938529
0.922362
0.824964
0.832792
0.781752
0.772160
0.746122
0.738104
0.749587
0.752219
0.753820
0.764476
0.761978
0.760738
0.759610
0.758763
0.758259
0.757546
0.759832
0.757285
0.755041
0.753435
0.755701
0.754513
0.753561
0.754206
0.755787
0.753321
0.753331
0.754086
0.762892
0.743360
0.735413
0.767467
0.796890
0.788513
0.752637
0.747646
0.720950
0.720704
0.664675
0.630667
0.613789
0.592588
0.612885
0.596603
0.581468
0.555573
0.580075
0.568703
0.559828
0.563875
0.548021
0.558843
0.580282
0.558287
0.564147
0.566009
0.536126
0.552763
0.538283
0.569336
0.547925
0.537967
0.539164
0.548379
0.544518
0.525915
0.542552
0.534231
0.564326
0.629489
0.617725
0.802739
0.943565
0.972292
0.975165
0.975721
0.976489
0.976234
0.976514
0.977140
0.976906
0.976691
0.977115
0.977069
0.977071
0.976979
0.977210
0.977684
0.978203
0.978045
0.978276
0.978420
0.978187
0.977965
0.977904
0.975617
0.974225
0.974612
0.974986
0.972644
0.974512
0.974398
0.972868
0.974356
0.971517
0.974201
0.972903
0.974196
0.972957
0.971791
0.973051
0.828595
0.972804
0.973011
0.975406
0.974972
0.975886
0.976805
0.976032
0.976169
0.977527
0.977283
0.976003
0.977734
0.977788
0.978805
0.978718
0.977560
0.978532
0.979066
0.979559
0.979656
0.980203
0.980173
0.980412
0.980701
0.980876
0.981012
0.981584
0.981167
0.980697
0.980146
0.979891
0.978825
0.970463
0.947283
0.976975
0.973543
0.974945
0.975130
0.974060
0.973751
0.972549
0.972387
0.960236
0.941331
0.863848
0.806862
0.710210
0.671522
0.628466
0.624784
0.637757
0.648113
0.704438
0.737825
0.760288
0.798648
0.787860
0.776664
0.772743
0.766326
0.762399
0.760033
0.758036
0.753020
0.752388
0.749420
0.744079
0.744176
0.742687
0.743270
0.744207
0.746590
0.742205
0.744871
0.746065
0.742754
0.738514
0.743505
0.757140
0.782257
0.753094
0.768672
0.772948
0.763286
0.721108
0.696263
0.706565
0.684085
0.660222
0.619405
0.601043
0.576835
0.592581
0.586257
0.570028
0.571501
0.560292
0.550020
0.542214
0.548637
0.555274
0.566608
0.541412
0.526930
0.571347
0.546163
0.542048
0.537326
0.534918
0.540066
0.566010
0.545137
0.546276
0.556225
0.554375
0.551639
0.534335
0.550027
0.516002
0.522941
0.543855
0.542186
0.537202
0.527282
0.507774
0.647248
0.857110
0.959373
0.972091
0.976068
0.976938
0.977902
0.976358
0.975873
0.975806
0.976876
0.976628
0.977363
0.976892
0.977684
0.976565
0.977520
0.977315
0.977996
0.978161
0.977714
0.977927
0.977496
0.977343
0.976884
0.976769
0.972804
0.976244
0.973749
0.974097
0.974322
0.970964
0.972673
0.971783
0.972784
0.973332
0.969684
0.971149
0.969981
0.970857
0.971535
0.972474
0.972357
0.970679
0.972730
0.973830
0.972784
0.974323
0.975190
0.974914
0.973811
0.973950
0.975109
0.975470
0.976132
0.975718
0.976824
0.976316
0.976636
0.976943
0.977456
0.976871
0.977201
0.977709
0.977710
0.977966
0.977766
0.978370
0.979570
0.980011
0.980653
0.981129
0.980588
0.980325
0.979759
0.977794
0.977278
0.975826
0.973984
0.972627
0.970976
0.966633
0.968330
0.967642
0.966482
0.965850
0.959422
0.891860
0.795589
0.740228
0.692388
0.627848
0.630042
0.580448
0.603437
0.601313
0.633696
0.635715
0.683590
0.686403
0.693576
0.698598
0.684391
0.676995
0.680700
0.684318
0.686298
0.686653
0.687583
0.688899
0.690142
0.690786
0.692205
0.695591
0.697914
0.700851
0.699763
0.702148
0.704506
0.705339
0.703177
0.704474
0.705393
0.701364
0.674948
0.688553
0.688717
0.731029
0.770246
0.736820
0.669587
0.647857
0.650244
0.720826
0.623094
0.621560
0.600293
0.581579
0.582026
0.571858
0.555975
0.566765
0.573341
0.562170
0.544449
0.555581
0.539344
0.546634
0.693675
0.890074
0.966536
0.973519
0.975184
0.974734
0.975633
0.975748
0.975905
0.976363
0.976604
0.975977
0.976735
0.976504
0.976743
0.976787
0.977474
0.977308
0.977226
0.977586
0.977562
0.977331
0.977188
0.976046
0.977336
0.976104
0.974872
0.972955
0.971562
0.974723
0.971743
0.973047
0.971373
0.972821
0.970506
0.973055
0.971741
0.970346
0.969203
0.969516
0.972640
0.970289
0.971010
0.972327
0.972635
0.972291
0.971295
0.972417
0.973799
0.973182
0.974680
0.974430
0.975229
0.975102
0.976266
0.975236
0.976268
0.975708
0.975561
0.976362
0.976457
0.976632
0.977164
0.977525
0.977271
0.977916
0.978010
0.977969
0.979037
0.979469
0.980163
0.980596
0.980417
0.980213
0.979258
0.975966
0.977953
0.976163
0.974799
0.973867
0.971557
0.971224
0.969021
0.969094
0.968131
0.967767
0.957431
0.905697
0.850855
0.869563
0.757295
0.715390
0.733560
0.698678
0.764849
0.752300
0.757996
0.762484
0.754961
0.761263
0.763047
0.761216
0.760824
0.762684
0.761539
0.763889
0.763435
0.764244
0.760134
0.762006
0.759433
0.757083
0.756542
0.756664
0.758819
0.757062
0.756193
0.756857
0.758581
0.764206
0.757123
0.756761
0.770624
0.800111
0.782433
0.748543
0.721587
0.706131
0.690051
0.681114
0.641043
0.621967
0.600406
0.583354
0.607846
0.603672
0.593484
0.589358
0.562377
0.569529
0.536461
0.541898
0.551028
0.548589
0.555344
0.549122
0.538465
0.552924
0.652765
0.886130
0.956189
0.968507
0.975652
0.975609
0.975949
0.977014
0.976712
0.976984
0.976217
0.976377
0.976272
0.976964
0.976853
0.976847
0.977017
0.977369
0.977079
0.977433
0.977377
0.977037
0.977496
0.977316
0.976882
0.975128
0.975965
0.973964
0.975647
0.972075
0.973227
0.972664
0.974321
0.973925
0.972046
0.973244
0.973619
0.974563
0.974107
0.974388
0.972674
0.975127
0.973284
0.974257
0.974168
0.974956
0.973748
0.974137
0.973651
0.975737
0.975545
0.976694
0.977012
0.976970
0.977386
0.977426
0.977680
0.978043
0.978734
0.978545
0.978468
0.979074
0.979095
0.979248
0.979690
0.979528
0.979820
0.979941
0.979778
0.979992
0.980451
0.980385
0.980440
0.980721
0.980351
0.979869
0.979003
0.979675
0.978960
0.978023
0.977484
0.976686
0.976114
0.975340
0.968898
0.974510
0.973806
0.973329
0.973532
0.958889
0.890244
0.830579
0.739714
0.765837
0.713282
0.686089
0.740901
0.718679
0.720764
0.728306
0.747051
0.744115
0.742407
0.743135
0.745997
0.747798
0.754085
0.754253
0.753922
0.753271
0.751098
0.754566
0.756511
0.756318
0.759455
0.757868
0.757713
0.759510
0.755217
0.754415
0.757680
0.756234
0.754827
0.752685
0.741876
0.732186
0.727187
0.726770
0.759488
0.729921
0.697689
0.670959
0.683901
0.713766
0.696448
0.620184
0.608052
0.603739
0.597652
0.594888
0.570204
0.579026
0.554995
0.570344
0.574248
0.573878
0.547511
0.557776
0.518586
0.564052
0.559718
0.543331
0.529890
0.646515
0.845169
0.955768
0.974560
0.976959
0.977652
0.977022
0.976026
0.975072
0.975603
0.976245
0.976251
0.976132
0.976548
0.976320
0.976928
0.976442
0.976526
0.976700
0.976226
0.976346
0.976685
0.976619
0.977266
0.976567
0.975773
0.975461
0.974859
0.975289
0.972708
0.973745
0.972280
0.973468
0.973997
0.973914
0.973493
0.972613
0.973909
0.973804
0.972855
0.972500
0.973431
0.973212
0.974485
0.973020
0.974934
0.973769
0.974558
0.975848
0.973856
0.975352
0.976233
0.976580
0.977017
0.977245
0.977342
0.977685
0.977339
0.978449
0.978519
0.978509
0.978891
0.978830
0.979386
0.979545
0.979877
0.979164
0.979396
0.979506
0.979672
0.979976
0.980586
0.980486
0.980717
0.980597
0.979996
0.979886
0.979664
0.979330
0.978228
0.977660
0.977466
0.976542
0.976059
0.975722
0.974779
0.974600
0.974375
0.974096
0.950238
0.913375
0.824281
0.798048
0.725551
0.690997
0.692029
0.710609
0.689501
0.708480
0.735749
0.744192
0.748687
0.751475
0.761496
0.759911
0.757395
0.753807
0.754296
0.752120
0.752080
0.755311
0.757242
0.757187
0.753425
0.755662
0.752200
0.752358
0.755358
0.755055
0.752192
0.753842
0.753573
0.754097
0.750611
0.748107
0.733618
0.715576
0.727634
0.721511
0.716969
0.686827
0.713183
0.678063
0.638561
0.648347
0.639119
0.615454
0.613677
0.611008
0.596407
0.594786
0.599729
0.581608
0.549690
0.566125
0.563719
0.541070
0.556111
0.550287
0.539863
0.549826
0.548510
0.533471
0.551440
0.711444
0.873944
0.958918
0.972255
0.975464
0.975310
0.974884
0.975373
0.976393
0.976929
0.977227
0.976628
0.977078
0.976824
0.976916
0.977291
0.977182
0.977193
0.976998
0.977321
0.977207
0.977515
0.977159
0.977030
0.977477
0.977026
0.973807
0.972209
0.973032
0.973453
0.974258
0.972851
0.945545
0.963070
0.971269
0.972459
0.972916
0.973119
0.972871
0.973428
0.973274
0.973912
0.972620
0.974945
0.974730
0.973911
0.974099
0.975405
0.975398
0.976534
0.975545
0.976745
0.977406
0.977070
0.977419
0.977588
0.977595
0.978564
0.978608
0.978375
0.978470
0.979639
0.979044
0.979762
0.979465
0.979619
0.980186
0.980264
0.981066
0.980862
0.979079
0.980190
0.979620
0.976516
0.978760
0.977926
0.977128
0.976404
0.975140
0.973385
0.964085
0.955879
0.943353
0.963623
0.885713
0.848111
0.777240
0.737096
0.707598
0.661366
0.695204
0.704542
0.713164
0.697607
0.694817
0.697091
0.702991
0.700798
0.706142
0.707554
0.710456
0.712053
0.708876
0.707641
0.710232
0.710401
0.713883
0.715217
0.716989
0.717726
0.717686
0.717657
0.718200
0.718267
0.709267
0.698802
0.717172
0.740096
0.729583
0.717744
0.715421
0.667639
0.646771
0.655917
0.652511
0.630774
0.618677
0.621346
0.573195
0.578983
0.577379
0.572602
0.568329
0.590581
0.543423
0.542841
0.569694
0.562027
0.583713
0.566327
0.539169
0.540932
0.519150
0.531630
0.565036
0.537278
0.529499
0.555881
0.520329
0.531213
0.553352
0.763972
0.912428
0.962065
0.973757
0.975968
0.977067
0.976513
0.976623
0.977242
0.976736
0.976724
0.977038
0.977310
0.976289
0.977295
0.976726
0.976467
0.976747
0.977609
0.977388
0.977870
0.977810
0.977536
0.978167
0.977500
0.973493
0.974664
0.973492
0.973782
0.973225
0.973700
0.973562
0.974256
0.974462
0.971352
0.972656
0.973185
0.973326
0.973587
0.974031
0.971810
0.972341
0.972280
0.973470
0.973679
0.975660
0.974530
0.975138
0.975233
0.976024
0.976936
0.976269
0.976007
0.976005
0.976903
0.977212
0.977802
0.977412
0.978172
0.978778
0.978193
0.978617
0.978018
0.978593
0.978638
0.980191
0.980718
0.981157
0.980973
0.980504
0.980366
0.979940
0.979214
0.978429
0.977222
0.975613
0.974308
0.973480
0.972446
0.971430
0.967333
0.970321
0.965695
0.956829
0.874149
0.782727
0.779908
0.672500
0.642487
0.612100
0.654116
0.673747
0.687008
0.708578
0.713449
0.704264
0.705647
0.708132
0.710244
0.704998
0.706144
0.702717
0.700502
0.702797
0.704732
0.705794
0.705470
0.709138
0.707206
0.710469
0.709333
0.711097
0.712148
0.713039
0.712936
0.710552
0.713354
0.702370
0.688980
0.738164
0.732069
0.695146
0.652924
0.647794
0.632497
0.630567
0.620719
0.575955
0.587268
0.609548
0.581138
0.566042
0.563629
0.563375
0.589269
0.578413
0.788765
0.938945
0.969058
0.974591
0.974775
0.975874
0.973928
0.975959
0.976455
0.975800
0.975429
0.975518
0.975738
0.976167
0.976460
0.976787
0.976811
0.976682
0.976920
0.976940
0.977224
0.977223
0.977173
0.977066
0.974509
0.974128
0.973962
0.973158
0.973458
0.973486
0.973036
0.974499
0.972620
0.973266
0.974377
0.972854
0.972306
0.971971
0.973703
0.974531
0.973966
0.974431
0.974360
0.973201
0.974500
0.975075
0.974803
0.975209
0.975713
0.975654
0.975309
0.976489
0.977281
0.976294
0.976847
0.977652
0.977737
0.978055
0.977970
0.978609
0.978609
0.978487
0.979129
0.979412
0.979455
0.980133
0.980798
0.980335
0.980318
0.980294
0.979722
0.978544
0.978455
0.977500
0.975916
0.975361
0.974307
0.973369
0.973023
0.973128
0.972233
0.972230
0.964970
0.938093
0.848200
0.821757
0.816784
0.769706
0.706984
0.717870
0.746138
0.742413
0.737740
0.731280
0.731405
0.736087
0.736733
0.733440
0.730996
0.737588
0.740108
0.741197
0.744411
0.743215
0.743178
0.743903
0.744073
0.745583
0.745581
0.745208
0.747004
0.746869
0.742834
0.729258
0.741005
0.734788
0.765984
0.776319
0.723208
0.678552
0.717292
0.702727
0.656370
0.640605
0.628502
0.616673
0.586710
0.578936
0.588784
0.573378
0.539991
0.551675
0.585474
0.632854
0.828094
0.945089
0.969440
0.974413
0.974390
0.975378
0.975979
0.976503
0.976838
0.976461
0.977074
0.977205
0.976283
0.977171
0.976815
0.976744
0.976924
0.976332
0.976961
0.977224
0.976981
0.977177
0.977365
0.976850
0.975404
0.973659
0.973728
0.972575
0.974845
0.971589
0.973946
0.974773
0.974054
0.971582
0.973262
0.975012
0.972137
0.974738
0.973249
0.974415
0.975382
0.974525
0.975069
0.975417
0.976086
0.976069
0.976021
0.976230
0.977417
0.977370
0.978016
0.977289
0.978437
0.978594
0.978730
0.978429
0.978830
0.979412
0.979879
0.979982
0.979528
0.979901
0.979936
0.980243
0.980450
0.980895
0.980912
0.980221
0.979880
0.979966
0.979548
0.979219
0.978780
0.973113
0.977253
0.976915
0.976207
0.975258
0.974906
0.971413
0.974766
0.973963
0.949800
0.818954
0.787154
0.779080
0.841817
0.680065
0.738823
0.745761
0.734964
0.743632
0.733013
0.732365
0.732668
0.733076
0.736246
0.736272
0.735041
0.734377
0.732338
0.731797
0.730659
0.728796
0.726316
0.725212
0.727759
0.728639
0.726054
0.726180
0.729258
0.728681
0.727513
0.742637
0.766352
0.779738
0.774336
0.720039
0.694221
0.707533
0.685195
0.682665
0.669427
0.630188
0.625158
0.636948
0.578643
0.563497
0.570118
0.592448
0.560429
0.556506
0.555694
0.545200
0.563576
0.552452
0.559527
0.542962
0.527912
0.544072
0.541876
0.545200
0.534454
0.534419
0.529045
0.524148
0.526349
0.560597
0.562825
0.548547
0.531186
0.539144
0.519172
0.548872
0.543962
0.519707
0.524441
0.521359
0.535917
0.546047
0.538464
0.531866
0.541359
0.537438
0.520832
0.527979
0.524954
0.528386
0.540583
0.531258
0.523965
0.557268
0.527705
0.544953
0.529208
0.542489
0.559056
0.768430
0.932758
0.973837
0.977678
0.977198
0.977801
0.977550
0.978373
0.977689
0.978534
0.978606
0.978965
0.978523
0.978656
0.978791
0.978985
0.979143
0.978912
0.979009
0.979013
0.979446
0.978628
0.978633
0.978750
0.977506
0.976911
0.975759
0.976489
0.976485
0.976032
0.976379
0.976457
0.975782
0.976542
0.975608
0.976354
0.974851
0.974932
0.976589
0.975221
0.976140
0.975661
0.975935
0.976951
0.976820
0.977288
0.977980
0.978310
0.978566
0.978777
0.979105
0.979267
0.979856
0.979961
0.979557
0.980125
0.980179
0.980333
0.980710
0.981105
0.981112
0.981334
0.981149
0.981305
0.981342
0.981523
0.982097
0.982232
0.982108
0.981712
0.981277
0.980995
0.980550
0.979868
0.980115
0.979889
0.978822
0.979013
0.978001
0.978038
0.976694
0.973640
0.972565
0.967266
0.850750
0.736191
0.656705
0.636637
0.577854
0.591097
0.544879
0.579644
0.557534
0.578840
0.574199
0.603717
0.665439
0.723133
0.750584
0.769846
0.770648
0.772203
0.766473
0.773588
0.773493
0.770655
0.769027
0.766829
0.764596
0.763512
0.759079
0.761593
0.761185
0.761946
0.759728
0.757879
0.756234
0.755684
0.756413
0.758356
0.757985
0.759711
0.772832
0.760116
0.769057
0.790737
0.765356
0.692269
0.653434
0.690383
0.673908
0.668538
0.663488
0.613317
0.608040
0.598484
0.572152
0.581462
0.582454
0.574233
0.564606
0.584618
0.566195
0.557657
0.555534
0.554480
0.543058
0.534996
0.541477
0.545281
0.539938
0.559859
0.555410
0.551797
0.553435
0.525547
0.547261
0.530258
0.581616
0.790471
0.945460
0.972078
0.975634
0.977251
0.977182
0.977484
0.977301
0.977867
0.977672
0.977111
0.977490
0.977743
0.977627
0.977989
0.977915
0.977881
0.977828
0.977945
0.977804
0.977852
0.977662
0.977859
0.977168
0.977751
0.976291
0.975403
0.974324
0.974064
0.973578
0.973440
0.974565
0.973138
0.973353
0.973723
0.971805
0.972820
0.972215
0.973737
0.974344
0.973215
0.973776
0.973562
0.973220
0.975202
0.975201
0.975152
0.975748
0.976406
0.976105
0.975386
0.976451
0.976776
0.976278
0.977108
0.977607
0.977541
0.977128
0.977292
0.978058
0.978003
0.977428
0.978152
0.978390
0.979276
0.980417
0.980268
0.980754
0.981351
0.980925
0.980684
0.979785
0.978914
0.977716
0.976555
0.974954
0.973218
0.971874
0.971561
0.970943
0.969906
0.969511
0.966540
0.958872
0.844500
0.750337
0.655440
0.657828
0.668628
0.603758
0.630712
0.638184
0.708241
0.714285
0.703878
0.708750
0.720564
0.720794
0.721131
0.719282
0.716692
0.719594
0.724026
0.726238
0.727307
0.727069
0.728647
0.728220
0.730908
0.730205
0.728945
0.728480
0.728180
0.727037
0.727289
0.727503
0.714242
0.701817
0.711712
0.705760
0.730731
0.713672
0.649605
0.635419
0.652384
0.656958
0.654386
0.656301
0.619298
0.607462
0.576090
0.593189
0.568613
0.564388
0.603675
0.766349
0.933232
0.973036
0.976243
0.977073
0.977600
0.976521
0.975975
0.976104
0.976549
0.976918
0.977628
0.977823
0.976358
0.976946
0.977086
0.976289
0.976494
0.975595
0.976031
0.976637
0.976630
0.977235
0.977801
0.976576
0.974914
0.976041
0.974588
0.974722
0.974948
0.975214
0.973801
0.973865
0.974074
0.974298
0.973323
0.971708
0.972777
0.972218
0.973687
0.972986
0.973293
0.973824
0.973486
0.973811
0.974906
0.975136
0.974961
0.975429
0.975561
0.975060
0.976614
0.976296
0.976154
0.976622
0.977130
0.977041
0.977779
0.977522
0.978280
0.977512
0.977965
0.978685
0.978514
0.978324
0.979440
0.979644
0.980127
0.980553
0.980865
0.980469
0.979660
0.978703
0.978213
0.977071
0.976129
0.974912
0.973597
0.972398
0.971654
0.971387
0.970787
0.970036
0.966070
0.952380
0.899250
0.825827
0.813975
0.715501
0.741041
0.735863
0.744029
0.742390
0.739459
0.743221
0.741936
0.743186
0.749182
0.752892
0.751941
0.752530
0.750668
0.756479
0.754323
0.758358
0.760638
0.761718
0.758753
0.758886
0.759011
0.759592
0.759695
0.760272
0.741356
0.738790
0.713031
0.723023
0.744116
0.748727
0.706763
0.754294
0.703123
0.681505
0.670906
0.641054
0.665590
0.607953
0.607182
0.592526
0.578088
0.559591
0.575677
0.543406
0.559807
0.544740
0.556644
0.558752
0.557347
0.554949
0.531387
0.547022
0.542297
0.561006
0.540766
0.555467
0.553838
0.558953
0.546269
0.533990
0.522387
0.531898
0.524491
0.557637
0.545345
0.550678
0.550378
0.530502
0.541065
0.553142
0.536195
0.663611
0.877932
0.957239
0.976526
0.976249
0.976751
0.977622
0.977939
0.977727
0.977660
0.978403
0.978416
0.978162
0.977751
0.977478
0.978284
0.978465
0.978726
0.978333
0.978479
0.978228
0.978297
0.978062
0.977740
0.977942
0.976050
0.976906
0.975615
0.975482
0.976324
0.972847
0.974337
0.973417
0.974787
0.974787
0.974356
0.974259
0.973553
0.973633
0.975233
0.973957
0.974874
0.973701
0.975343
0.974347
0.976096
0.974106
0.975558
0.976272
0.976297
0.976426
0.976463
0.977022
0.976742
0.977155
0.976858
0.977465
0.977751
0.977215
0.977916
0.977814
0.978155
0.978476
0.978511
0.979123
0.978706
0.978413
0.980204
0.980885
0.981300
0.981644
0.981649
0.981442
0.981331
0.980282
0.980152
0.978775
0.978052
0.972965
0.975931
0.974709
0.973858
0.971839
0.972120
0.972116
0.967726
0.971422
0.950610
0.893153
0.826620
0.709613
0.678989
0.620114
0.595280
0.594295
0.580384
0.596110
0.628253
0.617601
0.728663
0.716170
0.702689
0.678627
0.687481
0.695970
0.702686
0.703477
0.709347
0.710864
0.711772
0.713663
0.713074
0.714630
0.712866
0.715840
0.717476
0.718558
0.718917
0.720565
0.721687
0.723615
0.724026
0.724221
0.725154
0.726647
0.719782
0.709256
0.675132
0.705061
0.719668
0.752178
0.717861
0.681056
0.683162
0.691648
0.638971
0.657993
0.676366
0.642584
0.632929
0.602476
0.611951
0.597828
0.588725
0.575446
0.559903
0.545438
0.553339
0.533629
0.580741
0.541274
0.539167
0.551580
0.547316
0.542531
0.592550
0.759924
0.873059
0.962544
0.976208
0.976044
0.977015
0.977141
0.977414
0.976828
0.977345
0.977420
0.977718
0.977319
0.978049
0.977781
0.977603
0.977259
0.977051
0.977202
0.977486
0.977069
0.977053
0.976936
0.977797
0.978139
0.923661
0.921678
0.975344
0.976262
0.975208
0.974645
0.975954
0.974743
0.975390
0.974842
0.975263
0.975175
0.975705
0.975429
0.974569
0.976003
0.975306
0.976337
0.975441
0.975952
0.975792
0.975877
0.976742
0.977325
0.977692
0.978261
0.978063
0.978552
0.978582
0.979467
0.979765
0.979352
0.979054
0.979405
0.979981
0.980194
0.979688
0.979504
0.980141
0.980327
0.980116
0.980114
0.980172
0.980295
0.980828
0.980946
0.981649
0.981344
0.980015
0.979948
0.980637
0.979776
0.979960
0.979513
0.979473
0.978429
0.978399
0.978109
0.977269
0.976860
0.976319
0.976669
0.941429
0.946338
0.916492
0.790501
0.784421
0.738143
0.761011
0.713840
0.719776
0.737701
0.716835
0.733164
0.713044
0.707265
0.709204
0.720327
0.720624
0.713103
0.712745
0.713289
0.711859
0.710332
0.709422
0.709603
0.706968
0.706015
0.704990
0.702948
0.705036
0.705208
0.707209
0.708903
0.711154
0.712251
0.713683
0.705538
0.720821
0.727875
0.744239
0.760307
0.768575
0.713034
0.677337
0.654555
0.686800
0.712773
0.692845
0.667286
0.644447
0.603974
0.601813
0.575281
0.568622
0.578037
0.563708
0.543246
0.551817
0.567574
0.549677
0.542542
0.575186
0.563697
0.529955
0.563007
0.558028
0.534848
0.524201
0.543130
0.533588
0.528838
0.547169
0.530956
0.539226
0.538395
0.540234
0.531993
0.526594
0.537702
0.529557
0.551080
0.548658
0.530216
0.537930
0.534387
0.536649
0.528967
0.553302
0.558256
0.536667
0.533765
0.539329
0.525761
0.513089
0.547321
0.538805
0.532838
0.547670
0.526075
0.528480
0.539675
0.509500
0.517943
0.526963
0.533588
0.548398
0.546041
0.532502
0.540589
0.527069
0.529369
0.536409
0.534879
0.546537
0.600807
0.780083
0.918711
0.962021
0.974256
0.977238
0.977666
0.977894
0.978645
0.979225
0.978613
0.978077
0.978206
0.978073
0.977970
0.978713
0.978379
0.978541
0.978325
0.978449
0.978864
0.978759
0.978728
0.978603
0.978471
0.979248
0.978681
0.976082
0.977180
0.976802
0.976379
0.976291
0.975743
0.975764
0.976031
0.975767
0.975430
0.975996
0.974760
0.974334
0.973790
0.975717
0.976081
0.975783
0.975719
0.975693
0.976288
0.977451
0.976482
0.976294
0.976960
0.977203
0.977994
0.977994
0.977866
0.978482
0.978061
0.977804
0.978849
0.978833
0.978471
0.979137
0.979440
0.979772
0.979578
0.979252
0.979456
0.980211
0.980369
0.981118
0.981466
0.982124
0.982364
0.982575
0.982192
0.982069
0.981554
0.980699
0.980157
0.979183
0.978631
0.977266
0.976554
0.975979
0.975722
0.975010
0.974541
0.973143
0.973812
0.969780
0.898370
0.782575
0.743353
0.669946
0.627369
0.563228
0.562626
0.548220
0.529585
0.541936
0.529496
0.563368
0.597288
0.597835
0.613052
0.616420
0.627100
0.655647
0.701365
0.717386
0.727745
0.741028
0.734671
0.736916
0.732801
0.729314
0.727338
0.729944
0.730585
0.729170
0.728211
0.728699
0.723233
0.725124
0.723749
0.723790
0.722395
0.724938
0.721176
0.721247
0.721776
0.719792
0.723791
0.722787
0.715813
0.702070
0.673988
0.687424
0.694701
0.658415
0.624077
0.645238
0.639520
0.645947
0.610019
0.607054
0.595704
0.599648
0.597965
0.591767
0.568199
0.558854
0.592565
0.559632
0.573672
0.574459
0.556507
0.571309
0.557423
0.562508
0.542268
0.542381
0.542515
0.551375
0.536766
0.537660
0.530704
0.551814
0.537433
0.532155
0.527123
0.551901
0.535603
0.540204
0.546964
0.539678
0.625299
0.817236
0.953349
0.968459
0.975044
0.977300
0.977778
0.978152
0.977747
0.978296
0.978132
0.978321
0.978548
0.978591
0.978957
0.978930
0.978511
0.978131
0.977820
0.977877
0.977385
0.977788
0.977699
0.977632
0.978000
0.978268
0.978180
0.977119
0.975849
0.975628
0.976200
0.975321
0.975511
0.975466
0.974089
0.975913
0.975283
0.975193
0.974900
0.976054
0.974336
0.973904
0.974939
0.975217
0.976059
0.974038
0.975853
0.975766
0.976313
0.976261
0.975367
0.976909
0.976824
0.976899
0.977010
0.977269
0.977418
0.977892
0.978232
0.977949
0.978037
0.978578
0.978958
0.979103
0.978975
0.979521
0.979671
0.979783
0.980197
0.980231
0.980932
0.981135
0.981624
0.981915
0.981678
0.981681
0.980907
0.980441
0.979908
0.979532
0.978346
0.977418
0.976965
0.976505
0.975374
0.974932
0.972948
0.974824
0.974280
0.967273
0.921199
0.859274
0.780198
0.694998
0.637269
0.587182
0.616955
0.623605
0.600583
0.655589
0.685549
0.694560
0.699755
0.697988
0.712745
0.704570
0.713822
0.713787
0.713216
0.717129
0.723039
0.726231
0.728255
0.727621
0.725989
0.726092
0.724698
0.723864
0.723139
0.721864
0.719940
0.721747
0.717517
0.716429
0.722037
0.717042
0.713097
0.694612
0.721958
0.753890
0.712143
0.655687
0.646015
0.660067
0.651959
0.636808
0.612140
0.630214
0.627622
0.593013
0.580270
0.557613
0.567323
0.571319
0.552999
0.546652
0.528839
0.557545
0.566168
0.550676
0.530773
0.541981
0.551647
0.653953
0.849753
0.939986
0.971481
0.977292
0.976674
0.977325
0.976936
0.976801
0.977568
0.976959
0.977037
0.977356
0.977393
0.977702
0.977828
0.978009
0.978253
0.978427
0.978436
0.978084
0.978179
0.978356
0.978217
0.977137
0.976249
0.975446
0.975582
0.974336
0.975088
0.973382
0.974118
0.975301
0.973987
0.972995
0.973299
0.974135
0.973431
0.972807
0.972955
0.973668
0.973894
0.973551
0.973189
0.973960
0.975676
0.976019
0.974842
0.976573
0.976161
0.976430
0.976235
0.977007
0.977195
0.976764
0.976814
0.976878
0.977677
0.977353
0.977529
0.977974
0.977847
0.978321
0.977964
0.979616
0.980242
0.981010
0.981383
0.980740
0.980876
0.979790
0.978559
0.977914
0.976068
0.975641
0.973887
0.972228
0.971945
0.970423
0.970875
0.969837
0.970202
0.965787
0.904447
0.833461
0.742080
0.686329
0.659326
0.666186
0.709334
0.664969
0.694518
0.687374
0.683177
0.689284
0.690624
0.697274
0.693813
0.695582
0.695461
0.697222
0.703292
0.699403
0.699681
0.699712
0.699981
0.699662
0.699056
0.701807
0.702509
0.701481
0.701184
0.702155
0.686587
0.684298
0.686296
0.723172
0.728540
0.737524
0.683315
0.646690
0.645263
0.670503
0.643353
0.622312
0.616649
0.619825
0.581360
0.583528
0.576329
0.558959
0.566130
0.559932
0.561398
0.549548
0.541243
0.555328
0.548589
0.535818
0.545282
0.546264
0.543770
0.566788
0.692689
0.851652
0.945840
0.971578
0.975130
0.977252
0.976760
0.977695
0.977266
0.977537
0.977194
0.977332
0.977782
0.977833
0.977861
0.978110
0.978347
0.978275
0.978390
0.978660
0.978490
0.978126
0.978134
0.977274
0.977106
0.976645
0.975763
0.975515
0.975469
0.975979
0.975424
0.974097
0.974193
0.974002
0.972274
0.974424
0.972859
0.974029
0.973964
0.975136
0.973407
0.971772
0.974312
0.972879
0.973744
0.974458
0.975134
0.975889
0.974144
0.975703
0.976226
0.976316
0.976401
0.975965
0.976478
0.976810
0.977071
0.976261
0.977116
0.977926
0.977971
0.977291
0.978483
0.978341
0.978426
0.979180
0.980024
0.980228
0.981305
0.981541
0.981223
0.980779
0.979975
0.978775
0.978047
0.977100
0.976164
0.974886
0.973581
0.971823
0.971079
0.970015
0.970777
0.969158
0.969269
0.893385
0.736018
0.705192
0.667584
0.689729
0.682555
0.674095
0.693466
0.683442
0.683436
0.678226
0.670693
0.671346
0.680557
0.684313
0.683635
0.683682
0.683113
0.681858
0.683270
0.684268
0.684154
0.687951
0.688708
0.686541
0.687724
0.688056
0.690919
0.688962
0.689398
0.686430
0.668672
0.678465
0.693319
0.722445
0.734745
0.701572
0.662538
0.670942
0.670673
0.617217
0.619137
0.621010
0.609212
0.603133
0.585221
0.575872
0.588620
0.587987
0.593577
0.554456
0.558181
0.555090
0.564821
0.550220
0.548423
0.541472
0.528602
0.542356
0.547761
0.565801
0.542092
0.522792
0.535237
0.541487
0.546072
0.542850
0.536447
0.534289
0.729030
0.920872
0.964687
0.976706
0.977192
0.977997
0.977956
0.977125
0.977823
0.978735
0.978425
0.977619
0.978405
0.977882
0.978169
0.977827
0.978356
0.978583
0.978707
0.978508
0.978570
0.978724
0.978656
0.977669
0.976767
0.975991
0.976313
0.974470
0.975990
0.975839
0.974529
0.974250
0.974744
0.975612
0.974790
0.974202
0.974940
0.973158
0.974691
0.974434
0.974217
0.974237
0.975167
0.973374
0.975494
0.975921
0.975737
0.976828
0.976282
0.976070
0.976989
0.977337
0.977593
0.977348
0.977717
0.977749
0.978095
0.978464
0.978705
0.978509
0.979320
0.978976
0.978960
0.979649
0.979988
0.980655
0.981221
0.981963
0.981864
0.981501
0.980976
0.980532
0.979994
0.979245
0.978610
0.977148
0.977075
0.975935
0.975212
0.973754
0.973495
0.972783
0.971842
0.930284
0.791094
0.724138
0.686146
0.621670
0.609653
0.625714
0.660846
0.703228
0.732537
0.739129
0.745438
0.740988
0.736897
0.739363
0.735793
0.732368
0.736593
0.735308
0.734489
0.735123
0.735643
0.740116
0.741526
0.743883
0.745266
0.745953
0.745161
0.748397
0.748806
0.749093
0.749098
0.746975
0.733570
0.739830
0.731133
0.745884
0.757888
0.701642
0.685538
0.666648
0.658989
0.668435
0.626904
0.614778
0.633483
0.622768
0.572214
0.599741
0.608718
0.602890
0.553855
0.561656
0.549282
0.555811
0.567587
0.543482
0.520549
0.560674
0.552066
0.555070
0.555340
0.539054
0.534650
0.540337
0.546274
0.579914
0.556337
0.545466
0.555406
0.536699
0.529602
0.531003
0.531155
0.539575
0.535715
0.548499
0.546032
0.541933
0.548629
0.528976
0.520674
0.513781
0.522112
0.523448
0.569176
0.589868
0.690919
0.902148
0.956494
0.975258
0.978180
0.978581
0.978640
0.978513
0.978151
0.978525
0.978689
0.978731
0.979053
0.978960
0.979134
0.979461
0.979426
0.979395
0.979350
0.979122
0.979292
0.979297
0.979152
0.978953
0.979043
0.977889
0.977054
0.976718
0.977562
0.976583
0.975905
0.977085
0.976916
0.976957
0.976617
0.975045
0.976751
0.976459
0.974652
0.977086
0.976484
0.976251
0.976368
0.976996
0.976778
0.977432
0.977716
0.977851
0.977552
0.978734
0.978684
0.978757
0.979066
0.979559
0.979286
0.979653
0.980288
0.980291
0.980773
0.981057
0.981148
0.980918
0.981090
0.981206
0.981502
0.981883
0.982068
0.982657
0.982749
0.982123
0.981872
0.980778
0.981244
0.980495
0.980339
0.979704
0.979267
0.978945
0.978301
0.977578
0.977433
0.977456
0.975409
0.972483
0.941761
0.750018
0.667359
0.649721
0.629846
0.604461
0.600217
0.595210
0.600101
0.616858
0.643423
0.671115
0.683851
0.669050
0.676464
0.661586
0.663285
0.670748
0.686572
0.693042
0.700735
0.705078
0.705947
0.710206
0.709442
0.711868
0.714819
0.714947
0.718814
0.718517
0.720277
0.716448
0.714527
0.716911
0.713054
0.714118
0.696782
0.664777
0.667787
0.704568
0.745261
0.670698
0.682046
0.666370
0.667866
0.668890
0.619330
0.601388
0.599511
0.596050
0.614780
0.572013
0.554943
0.550566
0.537275
0.551306
0.565474
0.565357
0.555696
0.524047
0.526315
0.540433
0.553467
0.557929
0.541394
0.545432
0.559543
0.554980
0.536529
0.545846
0.526317
0.522624
0.508460
0.537562
0.526351
0.543848
0.539609
0.562048
0.757229
0.921033
0.966561
0.976905
0.978599
0.978156
0.977573
0.978380
0.978277
0.978634
0.979233
0.978992
0.979277
0.979726
0.979242
0.979617
0.979294
0.979468
0.979201
0.979770
0.979729
0.979691
0.978844
0.978768
0.977666
0.976327
0.976894
0.975892
0.975666
0.975467
0.976560
0.976357
0.976959
0.975590
0.975557
0.976612
0.974238
0.975384
0.975745
0.976199
0.975783
0.975809
0.976657
0.976700
0.976777
0.977601
0.976657
0.977830
0.978113
0.978084
0.977762
0.978523
0.978718
0.978613
0.979336
0.978939
0.979458
0.979680
0.979430
0.980370
0.980554
0.980630
0.980334
0.980767
0.981483
0.981391
0.982115
0.982050
0.982313
0.981780
0.981881
0.980913
0.980368
0.979178
0.978221
0.978166
0.977327
0.976759
0.976220
0.975343
0.975900
0.975171
0.969180
0.938165
0.795953
0.648276
0.691782
0.635264
0.641797
0.638279
0.586846
0.628012
0.665819
0.669704
0.684119
0.685517
0.698815
0.699513
0.702981
0.710338
0.704147
0.703679
0.704708
0.706692
0.707174
0.711933
0.711175
0.711813
0.711606
0.716147
0.713975
0.713361
0.715583
0.712449
0.714184
0.714574
0.714925
0.710517
0.695338
0.683169
0.695754
0.719100
0.701729
0.643765
0.643552
0.641137
0.658908
0.633531
0.615634
0.587945
0.606037
0.593892
0.586116
0.563292
0.555294
0.554256
0.547476
0.546209
0.562534
0.556691
0.554379
0.564927
0.566166
0.555427
0.572016
0.549612
0.520182
0.536198
0.546995
0.549417
0.545716
0.535071
0.545143
0.535141
0.557801
0.546019
0.541262
0.541728
0.525643
0.530070
0.562722
0.565592
0.562825
0.650634
0.742999
0.896404
0.961540
0.972269
0.934372
0.969633
0.977722
0.978580
0.978787
0.978890
0.978598
0.978621
0.978430
0.978209
0.977231
0.977566
0.977990
0.977681
0.978214
0.977975
0.977932
0.977776
0.978737
0.978995
0.978272
0.978642
0.977572
0.977852
0.977657
0.975913
0.977559
0.977470
0.976237
0.976213
0.976313
0.976722
0.977596
0.977374
0.977826
0.976633
0.977011
0.976742
0.977282
0.977138
0.977035
0.977363
0.977401
0.977561
0.978620
0.978244
0.979057
0.979152
0.979454
0.979541
0.979873
0.979643
0.980285
0.979997
0.981032
0.980715
0.981110
0.980592
0.980920
0.981428
0.981666
0.981516
0.981588
0.981385
0.981572
0.981935
0.982167
0.982348
0.982269
0.981727
0.981537
0.981455
0.981432
0.980734
0.980782
0.980005
0.980076
0.979878
0.978975
0.978465
0.974629
0.974694
0.977331
0.974661
0.957925
0.840387
0.720435
0.675459
0.679265
0.604494
0.626277
0.633855
0.606768
0.586740
0.641767
0.652271
0.683398
0.674702
0.676068
0.666845
0.678613
0.669616
0.659824
0.662034
0.658436
0.656450
0.648375
0.650396
0.651772
0.655393
0.652643
0.657177
0.655290
0.657088
0.661406
0.658520
0.659101
0.661332
0.662398
0.658645
0.663411
0.667788
0.667399
0.723599
0.732565
0.734470
0.679891
0.624719
0.624873
0.631311
0.634233
0.615933
0.628455
0.596733
0.581574
0.581899
0.564146
0.562747
0.551287
0.572736
0.576233
0.564196
0.557352
0.558312
0.566129
0.551251
0.568839
0.538790
0.537661
0.665406
0.873291
0.945112
0.969370
0.905930
0.910605
0.969522
0.977079
0.977123
0.978145
0.978597
0.978385
0.978781
0.978715
0.978732
0.978883
0.979114
0.979052
0.979051
0.978952
0.979227
0.979140
0.979820
0.860150
0.965213
0.977482
0.977573
0.976246
0.977090
0.976894
0.977190
0.976110
0.975795
0.975214
0.976400
0.977208
0.976839
0.976954
0.976507
0.977056
0.976455
0.976395
0.975604
0.976783
0.978061
0.977893
0.978595
0.979212
0.978581
0.979616
0.980142
0.980313
0.980629
0.980719
0.981071
0.981329
0.981375
0.981058
0.981118
0.981151
0.981690
0.980989
0.981192
0.981253
0.980472
0.981649
0.982069
0.981982
0.982264
0.982081
0.981409
0.981120
0.980981
0.977381
0.980069
0.980230
0.979448
0.979265
0.979590
0.978271
0.978967
0.978127
0.977916
0.962261
0.914050
0.885179
0.768956
0.687108
0.648401
0.692703
0.657854
0.690004
0.693632
0.721235
0.722022
0.707266
0.708517
0.717018
0.719585
0.725777
0.725753
0.728291
0.734654
0.739652
0.739349
0.736725
0.739579
0.735621
0.741097
0.743304
0.742831
0.743395
0.745386
0.742561
0.742070
0.733778
0.710168
0.705507
0.698481
0.716094
0.702868
0.646707
0.623877
0.641194
0.657783
0.643616
0.643184
0.608545
0.592399
0.583408
0.578018
0.560085
0.583451
0.544923
0.560208
0.535004
0.529201
0.539321
0.549545
0.551045
0.552576
0.534496
0.547880
0.539924
0.543150
0.561504
0.552005
0.549293
0.543944
0.535674
0.528538
0.588552
0.670203
0.787976
0.929655
0.970802
0.977533
0.979384
0.979139
0.978707
0.979322
0.978834
0.979210
0.979197
0.979179
0.978743
0.979078
0.978910
0.978734
0.979045
0.979129
0.979039
0.979081
0.979388
0.979492
0.978934
0.978859
0.978639
0.580172
0.958180
0.977163
0.977219
0.977375
0.976732
0.523760
0.957882
0.974850
0.976562
0.975437
0.976223
0.976727
0.976010
0.976259
0.976783
0.976596
0.975847
0.977136
0.977581
0.976380
0.977470
0.978039
0.978134
0.978028
0.978792
0.978746
0.978805
0.978949
0.979674
0.979385
0.979424
0.979945
0.980366
0.980782
0.980745
0.980684
0.980989
0.981069
0.981299
0.982043
0.982608
0.982486
0.982083
0.982054
0.980846
0.981027
0.980071
0.979394
0.975835
0.976352
0.973275
0.880611
0.784507
0.934366
0.951050
0.928097
0.936902
0.850732
0.771797
0.692344
0.732715
0.651267
0.632812
0.615776
0.640209
0.662898
0.691709
0.699109
0.705027
0.714067
0.710066
0.698505
0.701048
0.701949
0.705908
0.709733
0.709286
0.708390
0.708282
0.708875
0.703746
0.703976
0.701765
0.697555
0.698241
0.697270
0.700007
0.696836
0.706213
0.705224
0.693739
0.697928
0.734795
0.722191
0.658531
0.620280
0.615965
0.659712
0.672879
0.603504
0.601694
0.613609
0.594177
0.588891
0.566908
0.565207
0.571334
0.564820
0.566565
0.570294
0.566352
0.565004
0.530042
0.533363
0.543369
0.576167
0.759067
0.912875
0.964199
0.977529
0.978260
0.978652
0.978031
0.978619
0.978813
0.979164
0.979025
0.979188
0.979469
0.979475
0.978966
0.978902
0.979095
0.978991
0.978547
0.978888
0.978884
0.979105
0.978835
0.978667
0.978854
0.978395
0.977908
0.976039
0.977154
0.976458
0.975996
0.976289
0.976598
0.976466
0.975704
0.975133
0.977043
0.975263
0.975597
0.976056
0.975452
0.975334
0.974276
0.976994
0.976424
0.976316
0.976429
0.976646
0.977057
0.977302
0.976990
0.977713
0.978117
0.978293
0.978518
0.978321
0.979309
0.978988
0.979118
0.979236
0.979925
0.980327
0.980312
0.980820
0.980876
0.981266
0.981380
0.981837
0.982338
0.981986
0.981683
0.981229
0.980875
0.980392
0.980014
0.975728
0.978912
0.977826
0.977131
0.977195
0.976546
0.975918
0.975440
0.972108
0.945827
0.866547
0.752430
0.778908
0.755208
0.654047
0.648082
0.729696
0.690436
0.721408
0.737454
0.748597
0.746393
0.743718
0.747740
0.748332
0.752024
0.750612
0.748012
0.743925
0.743614
0.746158
0.743841
0.744256
0.741944
0.740173
0.739181
0.737007
0.735464
0.735577
0.734905
0.742501
0.743017
0.738030
0.731295
0.745327
0.748822
0.707271
0.684299
0.665858
0.722860
0.672878
0.636908
0.607354
0.607805
0.591745
0.573515
0.567222
0.574464
0.555281
0.558282
0.575708
0.575685
0.552820
0.549721
0.555028
0.551543
0.556662
0.544054
0.549077
0.553544
0.541725
0.528613
0.557494
0.522452
0.545937
0.543058
0.521206
0.538728
0.560326
0.542154
0.526176
0.542309
0.567541
0.549170
0.693010
0.899377
0.961225
0.977564
0.978419
0.978342
0.978368
0.978576
0.977613
0.978513
0.979304
0.979345
0.979559
0.979909
0.979983
0.979443
0.979713
