0.000000
0.959820
0.959696
0.960000
0.960028
0.960306
0.960251
0.960294
0.960103
0.960260
0.960282
0.960119
0.960267
0.960029
0.960052
0.960158
0.960273
0.960213
0.960536
0.960951
0.961725
0.962253
0.962331
0.961773
0.961093
0.961034
0.961243
0.960680
0.960677
0.961170
0.961192
0.960993
0.960839
0.961049
0.960948
0.960677
0.961177
0.961464
0.961552
0.960993
0.961405
0.961361
0.961654
0.961629
0.961649
0.961743
0.961955
0.961646
0.962089
0.962218
0.962212
0.962247
0.960728
0.959676
0.957095
0.956992
0.956999
0.954094
0.955065
0.956428
0.956283
0.956697
0.956705
0.956309
0.957236
0.956508
0.957213
0.956187
0.957360
0.957905
0.958227
0.958231
0.958776
0.959156
0.959746
0.959617
0.959371
0.959647
0.960503
0.960370
0.961292
0.961285
0.960812
0.961458
0.961631
0.961285
0.962024
0.962352
0.962181
0.962940
0.962753
0.962861
0.963071
0.963529
0.965111
0.967870
0.969595
0.969251
0.967423
0.968041
0.967093
0.966959
0.965915
0.965218
0.964016
0.963110
0.962373
0.961058
0.960422
0.958801
0.959715
0.952960
0.955026
0.951543
0.942804
0.938061
0.940219
0.934594
0.936540
0.938145
0.937939
0.939159
0.938218
0.938699
0.938493
0.939038
0.939251
0.938626
0.938378
0.938700
0.939050
0.939537
0.939172
0.939043
0.939116
0.939012
0.938841
0.939121
0.939032
0.939379
0.939743
0.936458
0.941376
0.939048
0.938367
0.938558
0.939914
0.932818
0.895380
0.858150
0.787830
0.706216
0.647905
0.635949
0.587036
0.592334
0.587298
0.571092
0.570113
0.560295
0.547730
0.564356
0.562275
0.536171
0.555269
0.555278
0.532162
0.561321
0.545789
0.538618
0.549648
0.666117
0.899543
0.733515
0.857649
0.931265
0.953670
0.962639
0.962728
0.963340
0.963444
0.963202
0.963940
0.964098
0.964516
0.964377
0.964359
0.964554
0.964580
0.964373
0.964191
0.964254
0.964559
0.963998
0.964697
0.964112
0.962192
0.960903
0.959587
0.958292
0.958604
0.959331
0.957995
0.958020
0.958967
0.959312
0.956998
0.958485
0.959600
0.958850
0.959457
0.959639
0.959618
0.959450
0.959802
0.960072
0.960040
0.960566
0.960659
0.959910
0.961707
0.961063
0.961794
0.961310
0.962368
0.962319
0.962240
0.962423
0.962991
0.963174
0.963475
0.963717
0.963553
0.963715
0.963845
0.964037
0.964151
0.964422
0.964559
0.966788
0.968769
0.970153
0.969692
0.969716
0.968364
0.968351
0.967667
0.967351
0.966694
0.966769
0.966209
0.965040
0.964835
0.963856
0.963724
0.963287
0.956502
0.942845
0.903160
0.773668
0.742923
0.749961
0.757245
0.683327
0.743961
0.792070
0.788231
0.791721
0.793243
0.792916
0.793794
0.794465
0.794762
0.797620
0.799969
0.798169
0.798698
0.799649
0.799382
0.799807
0.798709
0.799194
0.799983
0.801430
0.801152
0.800845
0.800843
0.799251
0.801480
0.793354
0.793751
0.792949
0.811707
0.791535
0.772753
0.745759
0.706978
0.711127
0.709056
0.706483
0.652535
0.620016
0.607948
0.597170
0.587520
0.562290
0.552013
0.564581
0.562037
0.553898
0.548193
0.556678
0.652994
0.799214
0.920098
0.945856
0.956413
0.962269
0.962027
0.963072
0.963481
0.963710
0.963993
0.963302
0.964296
0.963871
0.962845
0.962348
0.962555
0.962719
0.963225
0.962828
0.963249
0.963182
0.963358
0.961601
0.960542
0.959377
0.958408
0.958537
0.957650
0.958187
0.957208
0.957658
0.957771
0.957910
0.958015
0.956357
0.957374
0.957502
0.957195
0.957764
0.958594
0.957804
0.959364
0.957986
0.958797
0.959953
0.959749
0.959666
0.960102
0.960668
0.960471
0.961147
0.961082
0.961315
0.961938
0.961862
0.961858
0.962231
0.962208
0.963059
0.962082
0.962687
0.962935
0.963449
0.963384
0.963967
0.966059
0.967970
0.969774
0.969726
0.969542
0.969227
0.968463
0.968109
0.967411
0.966910
0.965461
0.963761
0.963440
0.961935
0.961433
0.961323
0.958086
0.956439
0.952379
0.935907
0.788764
0.819394
0.789199
0.732640
0.735081
0.722429
0.729408
0.742289
0.736549
0.740842
0.739159
0.733959
0.730045
0.731438
0.732568
0.733676
0.735846
0.735489
0.735272
0.735451
0.736993
0.737301
0.734722
0.733918
0.733894
0.734352
0.734797
0.735581
0.735246
0.733638
0.742063
0.733861
0.746229
0.766358
0.802878
0.793854
0.770607
0.748211
0.739957
0.721901
0.668641
0.628125
0.610760
0.611652
0.606279
0.590749
0.573315
0.542582
0.538003
0.547572
0.553055
0.547516
0.535072
0.505716
0.518600
0.516603
0.518417
0.514814
0.532618
0.538189
0.551629
0.547268
0.512691
0.515932
0.517464
0.522602
0.523953
0.518393
0.524366
0.525889
0.516973
0.517825
0.521889
0.528122
0.530597
0.526453
0.520992
0.548188
0.528747
0.502067
0.526175
0.532262
0.549540
0.691208
0.837460
0.943461
0.962471
0.965792
0.965350
0.965404
0.964846
0.965041
0.965113
0.965407
0.964995
0.965295
0.965530
0.965571
0.965839
0.965839
0.965587
0.965874
0.965694
0.965884
0.965808
0.965611
0.963776
0.962167
0.961168
0.960388
0.960086
0.960690
0.960470
0.959566
0.956342
0.960551
0.960279
0.959823
0.960056
0.960449
0.961104
0.961028
0.959844
0.960700
0.960139
0.960747
0.961379
0.961610
0.961221
0.961316
0.961935
0.961465
0.961798
0.962277
0.962210
0.962494
0.962653
0.962918
0.963369
0.963005
0.963565
0.963599
0.963288
0.963933
0.964076
0.964339
0.964472
0.964720
0.964711
0.964744
0.966189
0.968743
0.970317
0.970681
0.970212
0.970055
0.969787
0.969204
0.968517
0.967555
0.967002
0.965949
0.962592
0.964639
0.964170
0.963975
0.963371
0.960857
0.924184
0.854130
0.648621
0.607511
0.652918
0.609259
0.638020
0.596778
0.649168
0.683824
0.710395
0.722480
0.747000
0.754370
0.760507
0.763967
0.765360
0.767912
0.767210
0.765389
0.763106
0.762360
0.760654
0.760670
0.761264
0.758455
0.759003
0.758413
0.758434
0.761291
0.763325
0.759826
0.758394
0.758170
0.758929
0.760133
0.761256
0.763772
0.763527
0.757268
0.750878
0.752713
0.744237
0.701848
0.676444
0.664254
0.661294
0.672797
0.683515
0.658536
0.657744
0.630690
0.610650
0.611405
0.573110
0.551242
0.568251
0.571315
0.549113
0.564433
0.560185
0.526500
0.534846
0.542023
0.539768
0.532695
0.536540
0.542158
0.520659
0.529354
0.540812
0.529244
0.525198
0.525763
0.530820
0.525841
0.528743
0.526335
0.519875
0.528275
0.510552
0.508189
0.517665
0.502856
0.527280
0.511339
0.506534
0.523448
0.514458
0.641856
0.793462
0.920949
0.954579
0.963282
0.964820
0.965413
0.965573
0.965457
0.965612
0.965774
0.965562
0.966009
0.966255
0.965918
0.965972
0.966469
0.966068
0.965917
0.965824
0.965955
0.965856
0.966250
0.965668
0.963602
0.961512
0.961621
0.959577
0.960068
0.958517
0.959363
0.960027
0.959900
0.958772
0.957840
0.959573
0.957357
0.959032
0.960559
0.960175
0.959569
0.959341
0.959178
0.960428
0.960258
0.960197
0.959752
0.960457
0.960747
0.961531
0.961446
0.961204
0.961392
0.962018
0.962067
0.962137
0.962813
0.961959
0.962839
0.962628
0.962669
0.962978
0.963397
0.963309
0.963620
0.963628
0.963411
0.964092
0.964348
0.965594
0.967370
0.969427
0.970567
0.970300
0.969924
0.969570
0.968784
0.969035
0.968051
0.967466
0.963821
0.965695
0.964874
0.964052
0.963704
0.963203
0.962714
0.960972
0.926998
0.813463
0.693321
0.683693
0.648837
0.624157
0.635321
0.668194
0.638772
0.706860
0.705533
0.698614
0.682482
0.707788
0.721745
0.726437
0.722613
0.722104
0.722471
0.722445
0.722327
0.723571
0.722346
0.722262
0.716175
0.719525
0.721155
0.721242
0.719994
0.720443
0.722550
0.724168
0.724720
0.724036
0.723838
0.720757
0.721253
0.723851
0.708247
0.706180
0.737277
0.748668
0.718997
0.682548
0.659782
0.677230
0.667091
0.655692
0.631623
0.611022
0.602607
0.588330
0.558666
0.563441
0.576270
0.567659
0.566728
0.557695
0.551292
0.558977
0.561408
0.560729
0.540351
0.549844
0.532099
0.535255
0.534409
0.671754
0.828886
0.925721
0.945206
0.960045
0.963771
0.962946
0.964075
0.964259
0.964828
0.965134
0.964649
0.964688
0.964838
0.964813
0.965040
0.964600
0.965320
0.964884
0.965431
0.965114
0.965347
0.965560
0.965314
0.963091
0.962124
0.961148
0.960754
0.959967
0.959660
0.960159
0.959560
0.958985
0.958859
0.958972
0.959756
0.959512
0.960006
0.959705
0.960098
0.959676
0.960489
0.960098
0.959770
0.960638
0.960892
0.961075
0.961615
0.961053
0.960762
0.961532
0.961967
0.962111
0.961701
0.962176
0.962343
0.962632
0.962906
0.962849
0.962731
0.963193
0.963322
0.963229
0.963706
0.963467
0.963506
0.963622
0.963640
0.964333
0.965376
0.967445
0.969096
0.970507
0.970059
0.969911
0.969206
0.968960
0.968293
0.968344
0.967286
0.966771
0.965735
0.965119
0.964098
0.963772
0.963540
0.959486
0.959709
0.960394
0.916961
0.756401
0.744342
0.777649
0.685769
0.663596
0.705698
0.683657
0.644876
0.633871
0.640435
0.646006
0.650091
0.650621
0.654416
0.654831
0.653793
0.654403
0.658379
0.662687
0.660340
0.664018
0.664418
0.665221
0.663095
0.660720
0.662450
0.663872
0.665088
0.664254
0.663808
0.665345
0.664451
0.657671
0.635929
0.638039
0.663488
0.721391
0.776832
0.735288
0.688451
0.703318
0.675200
0.684311
0.657274
0.642912
0.650385
0.654311
0.602411
0.572375
0.557809
0.557796
0.565919
0.574122
0.572682
0.577646
0.571507
0.564702
0.553642
0.563337
0.706059
0.885235
0.942117
0.959639
0.963490
0.964115
0.964682
0.964632
0.964987
0.964196
0.964094
0.964258
0.964965
0.965036
0.965145
0.964723
0.965040
0.964829
0.965408
0.965146
0.965382
0.965096
0.965389
0.964882
0.963110
0.962223
0.960695
0.960231
0.958899
0.959480
0.958982
0.960017
0.959175
0.958888
0.957437
0.959229
0.959583
0.959922
0.959881
0.958713
0.960265
0.959652
0.959957
0.960724
0.961096
0.960355
0.959252
0.961309
0.961490
0.961226
0.961581
0.961740
0.961105
0.962146
0.962700
0.962739
0.962463
0.962727
0.963047
0.963002
0.963423
0.963520
0.963640
0.963772
0.963838
0.963970
0.964365
0.964354
0.964744
0.965430
0.967538
0.969498
0.970410
0.970021
0.969863
0.969730
0.969102
0.968850
0.968454
0.967240
0.967311
0.966555
0.964769
0.965295
0.964411
0.964619
0.964522
0.963714
0.963193
0.939187
0.811248
0.782851
0.695850
0.677729
0.743367
0.772688
0.716733
0.702957
0.712670
0.718272
0.721396
0.720482
0.722346
0.727294
0.728939
0.731809
0.730985
0.734497
0.734010
0.734869
0.736522
0.737404
0.737549
0.738624
0.736852
0.735545
0.736973
0.736939
0.737726
0.739552
0.739174
0.732008
0.716190
0.705473
0.732550
0.755435
0.808464
0.792806
0.742746
0.742035
0.718706
0.726015
0.701436
0.657018
0.645127
0.670758
0.648306
0.638304
0.602324
0.567735
0.575239
0.574991
0.571482
0.546023
0.551081
0.531753
0.547980
0.546436
0.533004
0.545194
0.523044
0.531911
0.546728
0.530331
0.510949
0.522216
0.538965
0.521387
0.522743
0.528078
0.626350
0.784571
0.903508
0.943003
0.960879
0.964326
0.964709
0.964792
0.964235
0.964371
0.965129
0.965431
0.965594
0.965609
0.965291
0.965665
0.965077
0.965286
0.965172
0.965202
0.964968
0.964800
0.964977
0.965099
0.965301
0.963498
0.961584
0.960505
0.959345
0.960214
0.959098
0.959408
0.959424
0.959115
0.958436
0.958585
0.959620
0.960138
0.960029
0.958617
0.959838
0.958574
0.960025
0.959962
0.960083
0.960217
0.960827
0.959970
0.960196
0.961674
0.961446
0.961413
0.961027
0.961256
0.961145
0.962108
0.961387
0.962028
0.962265
0.962595
0.962479
0.962700
0.962266
0.962484
0.962976
0.963117
0.963350
0.963500
0.963420
0.963310
0.964715
0.965884
0.969005
0.970155
0.970186
0.969841
0.969840
0.969251
0.967893
0.966823
0.966354
0.965076
0.964227
0.963353
0.962377
0.961291
0.960637
0.960448
0.952929
0.934984
0.787976
0.767742
0.702974
0.714179
0.700343
0.743229
0.748205
0.759089
0.709718
0.688162
0.716344
0.723413
0.726337
0.726522
0.730340
0.729843
0.732430
0.733211
0.736338
0.736778
0.738366
0.736539
0.735946
0.735168
0.735037
0.734583
0.733274
0.733115
0.732146
0.731970
0.730245
0.729193
0.731078
0.732669
0.731626
0.720060
0.694759
0.717514
0.746387
0.780780
0.781413
0.749426
0.717949
0.715033
0.727111
0.687375
0.662362
0.650087
0.641082
0.603925
0.610580
0.592461
0.606929
0.597591
0.567840
0.560138
0.558890
0.555006
0.547768
0.534740
0.520936
0.536759
0.527837
0.523322
0.523580
0.535999
0.545262
0.528560
0.525009
0.531892
0.529440
0.525815
0.526565
0.519190
0.535863
0.521737
0.524475
0.516926
0.635486
0.776957
0.898466
0.946644
0.963019
0.963838
0.963123
0.963922
0.964093
0.964138
0.964741
0.964639
0.964869
0.965203
0.964964
0.965289
0.964819
0.965271
0.965149
0.965225
0.964811
0.964855
0.965197
0.965732
0.963079
0.962380
0.960841
0.959667
0.960266
0.959809
0.958789
0.959254
0.960095
0.958613
0.958765
0.960328
0.958986
0.959403
0.959416
0.959614
0.960050
0.958412
0.960593
0.960549
0.961367
0.960750
0.961596
0.960960
0.961222
0.961951
0.961601
0.962564
0.961654
0.962537
0.962313
0.962646
0.962624
0.963143
0.963149
0.963307
0.963170
0.963307
0.963472
0.963518
0.963683
0.963602
0.964045
0.964183
0.964749
0.966871
0.969522
0.970729
0.970373
0.970433
0.970248
0.969535
0.969304
0.968880
0.967420
0.966607
0.965764
0.964696
0.964274
0.962597
0.961986
0.962039
0.958424
0.956949
0.809053
0.716918
0.668130
0.643646
0.694176
0.714263
0.750047
0.696161
0.716384
0.703150
0.723400
0.728965
0.724240
0.720507
0.721560
0.720950
0.719834
0.716909
0.714089
0.711661
0.710477
0.710967
0.710225
0.712916
0.711445
0.711294
0.711396
0.712142
0.711587
0.709190
0.708169
0.708327
0.709422
0.711635
0.723241
0.729526
0.714201
0.702755
0.712749
0.719079
0.726575
0.687177
0.676380
0.672940
0.666272
0.733628
0.840689
0.911483
0.938309
0.955905
0.958985
0.959768
0.960973
0.962280
0.962619
0.962067
0.961763
0.962948
0.963418
0.963674
0.963697
0.963071
0.963563
0.963191
0.963395
0.963303
0.963569
0.963915
0.963990
0.962829
0.962150
0.961377
0.960704
0.959429
0.960498
0.959003
0.960286
0.959095
0.959296
0.959612
0.958715
0.959543
0.958747
0.959410
0.959019
0.959258
0.957706
0.958634
0.958825
0.959719
0.958967
0.960010
0.959809
0.959727
0.960330
0.961058
0.961465
0.961192
0.961096
0.961036
0.961451
0.960961
0.961388
0.962140
0.961559
0.961742
0.961991
0.961408
0.962454
0.962399
0.962142
0.962622
0.962587
0.962437
0.962844
0.964370
0.966525
0.969316
0.969413
0.969069
0.968668
0.968209
0.967054
0.965850
0.964468
0.963221
0.961718
0.960527
0.960460
0.958893
0.956967
0.957122
0.956460
0.955251
0.952180
0.902387
0.828256
0.760482
0.761757
0.770053
0.775115
0.775022
0.772963
0.772057
0.773526
0.775353
0.776912
0.776842
0.775991
0.776282
0.778401
0.778111
0.778649
0.779261
0.781064
0.783228
0.784228
0.784601
0.784334
0.784189
0.784080
0.784645
0.777942
0.774793
0.763598
0.793875
0.835057
0.817410
0.813365
0.839959
0.787450
0.804060
0.780732
0.725084
0.649643
0.598328
0.600116
0.608192
0.584959
0.587550
0.581832
0.616603
0.757617
0.900192
0.947585
0.961709
0.964119
0.963121
0.963653
0.964588
0.964589
0.964410
0.964157
0.964171
0.964192
0.964338
0.964678
0.964564
0.965110
0.964941
0.965401
0.965248
0.965242
0.964880
0.964881
0.962280
0.961384
0.960556
0.960849
0.959990
0.960661
0.960326
0.960245
0.959274
0.959914
0.959974
0.960626
0.959431
0.960175
0.960483
0.960529
0.960409
0.959830
0.959965
0.960376
0.961038
0.961326
0.961512
0.961645
0.961577
0.961974
0.961718
0.961924
0.962557
0.962522
0.962332
0.962702
0.963043
0.963036
0.963283
0.962740
0.963010
0.962867
0.963156
0.963755
0.963943
0.963725
0.963833
0.964833
0.967242
0.970095
0.970508
0.970035
0.967742
0.969539
0.969135
0.968595
0.967580
0.966570
0.966257
0.964306
0.964962
0.964255
0.963903
0.962708
0.963484
0.960349
0.927265
0.829499
0.921092
0.878468
0.815822
0.797089
0.803229
0.801576
0.793037
0.794644
0.799598
0.802697
0.805077
0.806961
0.807726
0.802877
0.805169
0.805940
0.805743
0.806676
0.806433
0.806639
0.808328
0.808007
0.806827
0.806914
0.807531
0.808087
0.807854
0.807789
0.807523
0.802625
0.803822
0.816614
0.823638
0.842915
0.830109
0.840137
0.809807
0.813664
0.805943
0.779393
0.711775
0.656837
0.665363
0.631300
0.619935
0.603217
0.622819
0.571719
0.549955
0.567967
0.559024
0.550016
0.528569
0.534864
0.548196
0.539954
0.540892
0.538159
0.543471
0.527014
0.519367
0.541141
0.549114
0.537933
0.642006
0.820268
0.931524
0.950362
0.961860
0.962948
0.965160
0.964859
0.965010
0.965272
0.965264
0.964989
0.965073
0.965545
0.965076
0.965524
0.965728
0.965863
0.965515
0.965814
0.965938
0.965958
0.966051
0.965563
0.963022
0.961627
0.960872
0.960221
0.959611
0.960566
0.960352
0.960801
0.960197
0.961057
0.960977
0.960889
0.960857
0.960822
0.961299
0.960601
0.961728
0.960746
0.961799
0.961441
0.961853
0.961958
0.961802
0.961645
0.962555
0.962108
0.962185
0.962522
0.962658
0.963115
0.962877
0.963079
0.963501
0.963442
0.963405
0.964484
0.964490
0.964495
0.964296
0.964685
0.964859
0.964572
0.965973
0.968607
0.970159
0.971147
0.970786
0.970518
0.970012
0.969006
0.969395
0.968678
0.967564
0.967173
0.966241
0.965373
0.965509
0.964891
0.964108
0.964178
0.953789
0.943435
0.857567
0.679390
0.718184
0.695616
0.769589
0.733923
0.735007
0.742584
0.745965
0.757430
0.763535
0.765252
0.760604
0.761703
0.757872
0.756526
0.754343
0.753908
0.755485
0.752214
0.752963
0.754062
0.752664
0.751210
0.749368
0.750487
0.752519
0.753152
0.751713
0.750505
0.749684
0.749621
0.760875
0.751591
0.734183
0.770532
0.783372
0.789367
0.769181
0.758507
0.757163
0.709811
0.696396
0.653366
0.655053
0.641144
0.625688
0.606690
0.590156
0.557014
0.552071
0.546748
0.558388
0.563673
0.539869
0.539576
0.541248
0.549197
0.540146
0.535670
0.522775
0.517665
0.516759
0.519962
0.550070
0.512645
0.500821
0.530413
0.528328
0.542650
0.535298
0.529512
0.535862
0.531572
0.522619
0.524437
0.516088
0.516119
0.515443
0.512443
0.506007
0.662771
0.840881
0.935451
0.957845
0.964326
0.965140
0.965872
0.965207
0.966250
0.966194
0.965397
0.965684
0.965615
0.966077
0.965839
0.966109
0.966102
0.966007
0.966040
0.965992
0.966304
0.965961
0.965717
0.966603
0.964690
0.962664
0.960823
0.961698
0.962074
0.960944
0.961337
0.961427
0.960193
0.961657
0.961022
0.959626
0.961538
0.961252
0.962539
0.961855
0.961657
0.962216
0.962498
0.962344
0.961585
0.962585
0.962341
0.962823
0.962630
0.962891
0.963091
0.962893
0.963502
0.963744
0.963518
0.963384
0.963414
0.963746
0.963665
0.964190
0.964032
0.964260
0.964696
0.964983
0.965099
0.964845
0.965011
0.965134
0.965993
0.968407
0.970295
0.970771
0.971193
0.970811
0.970812
0.970260
0.970264
0.968794
0.968098
0.967797
0.967262
0.966907
0.965929
0.965264
0.965285
0.964710
0.961420
0.953852
0.883653
0.751818
0.720093
0.646784
0.653943
0.605669
0.657329
0.680480
0.654458
0.724846
0.746413
0.745650
0.748584
0.739298
0.736206
0.740732
0.738167
0.735685
0.733776
0.735838
0.736211
0.737311
0.735844
0.737853
0.737047
0.738378
0.735092
0.738333
0.736323
0.734054
0.734217
0.735569
0.735625
0.735235
0.735007
0.734723
0.738323
0.745920
0.738746
0.768487
0.792042
0.759179
0.704858
0.703461
0.713163
0.676887
0.707066
0.677945
0.653417
0.616738
0.619898
0.622517
0.579288
0.552988
0.576562
0.593380
0.583099
0.565573
0.552897
0.557359
0.563141
0.598382
0.781567
0.914209
0.959511
0.964753
0.965579
0.965705
0.936482
0.882955
0.878951
0.898218
0.905365
0.925254
0.936275
0.941738
0.943569
0.945280
0.945714
0.946679
0.947860
0.948517
0.947689
0.951225
0.959509
0.964021
0.962628
0.962638
0.962194
0.813056
0.960396
0.960537
0.961012
0.960877
0.961146
0.960716
0.961288
0.960800
0.961265
0.961494
0.961916
0.961449
0.961850
0.961717
0.960875
0.961810
0.961982
0.961873
0.962235
0.961911
0.962144
0.962390
0.962481
0.962629
0.963071
0.963181
0.963044
0.963049
0.963203
0.963661
0.963760
0.963792
0.964340
0.964399
0.964483
0.964910
0.964877
0.965141
0.964798
0.965455
0.966699
0.969383
0.970806
0.970796
0.970920
0.970219
0.970385
0.969721
0.969107
0.968877
0.968010
0.967787
0.967358
0.966213
0.965969
0.963884
0.957441
0.863048
0.909470
0.916482
0.856120
0.845254
0.769595
0.797661
0.815350
0.741987
0.730397
0.742521
0.763158
0.766991
0.766365
0.762075
0.761132
0.763042
0.763716
0.763461
0.764335
0.762667
0.763757
0.764801
0.761493
0.764595
0.765227
0.764391
0.763580
0.762512
0.764117
0.764331
0.764290
0.763561
0.765054
0.761815
0.760578
0.754446
0.734191
0.744692
0.778800
0.794986
0.787858
0.762745
0.755678
0.738707
0.725671
0.726044
0.688836
0.651427
0.622012
0.615132
0.621910
0.606014
0.592405
0.568492
0.540842
0.547415
0.559994
0.550198
0.569935
0.543001
0.528968
0.549368
0.545929
0.620829
0.764977
0.896405
0.945674
0.958573
0.965033
0.964817
0.964791
0.964779
0.964594
0.964942
0.965138
0.965161
0.965634
0.965343
0.965592
0.965611
0.965429
0.965549
0.965456
0.965534
0.965429
0.965885
0.965118
0.963648
0.963104
0.961870
0.961152
0.961649
0.960878
0.960460
0.959857
0.960471
0.960458
0.960661
0.961075
0.961071
0.960467
0.960785
0.960543
0.960737
0.959587
0.961121
0.961135
0.962073
0.960493
0.961030
0.962292
0.961509
0.961689
0.879718
0.960914
0.962354
0.962272
0.962451
0.962663
0.963262
0.963431
0.963722
0.962944
0.963134
0.963630
0.963647
0.964666
0.964641
0.964543
0.964037
0.964358
0.964383
0.965623
0.967580
0.969781
0.971038
0.970688
0.970011
0.961667
0.894850
0.969638
0.968108
0.967841
0.966437
0.965735
0.963326
0.962947
0.963871
0.963322
0.962819
0.963096
0.958644
0.950785
0.891719
0.765743
0.744154
0.745268
0.752693
0.779906
0.784169
0.783969
0.790097
0.789224
0.787497
0.784770
0.782610
0.782405
0.780471
0.781355
0.780429
0.780128
0.781123
0.779619
0.779284
0.778406
0.779653
0.778074
0.777499
0.778446
0.777963
0.778275
0.778399
0.778836
0.777472
0.778619
0.786023
0.785180
0.791876
0.796197
0.798543
0.803463
0.764098
0.713068
0.707198
0.694563
0.690387
0.699233
0.652245
0.658437
0.668086
0.616201
0.590946
0.622112
0.609211
0.596049
0.557876
0.572162
0.567340
0.548180
0.558636
0.546245
0.543497
0.548564
0.537148
0.542265
0.541799
0.554136
0.537933
0.516873
0.528392
0.555750
0.676807
0.840668
0.938742
0.960237
0.964958
0.965104
0.965956
0.965383
0.965819
0.966066
0.965577
0.965547
0.965608
0.966142
0.965823
0.965540
0.965937
0.965775
0.965675
0.965624
0.965783
0.965801
0.966096
0.966125
0.965479
0.963164
0.962784
0.962167
0.960874
0.961197
0.960246
0.961431
0.961039
0.960076
0.960895
0.960934
0.961361
0.961357
0.961048
0.961605
0.962187
0.961901
0.961824
0.962230
0.962537
0.961625
0.962348
0.961552
0.962244
0.961653
0.962550
0.962570
0.962507
0.962673
0.963266
0.963047
0.963240
0.963312
0.963597
0.963537
0.964020
0.963639
0.964285
0.964779
0.964861
0.964813
0.964747
0.965154
0.965414
0.966264
0.968411
0.970158
0.971140
0.971297
0.970895
0.970330
0.969785
0.969985
0.969122
0.968063
0.968285
0.967617
0.967180
0.966520
0.966027
0.965017
0.965417
0.960740
0.960849
0.936689
0.807641
0.719549
0.731669
0.714710
0.749586
0.730842
0.744637
0.775170
0.767998
0.761308
0.764748
0.768028
0.769092
0.769545
0.767733
0.768468
0.767339
0.766038
0.766355
0.764911
0.765892
0.764837
0.765669
0.764893
0.764599
0.764969
0.764347
0.761689
0.762529
0.763671
0.761029
0.760600
0.766461
0.769623
0.758791
0.761692
0.767145
0.800649
0.789606
0.780627
0.775977
0.708132
0.687706
0.692747
0.685562
0.649375
0.634071
0.627191
0.615214
0.593565
0.592046
0.572028
0.572724
0.565987
0.550638
0.556070
0.554028
0.550894
0.542343
0.541425
0.542605
0.532476
0.553929
0.536558
0.530706
0.523744
0.533144
0.519180
0.537786
0.542508
0.522062
0.531971
0.524530
0.519165
0.521377
0.534996
0.524860
0.525393
0.516792
0.505588
0.508394
0.640369
0.810674
0.918710
0.954261
0.961946
0.964934
0.966142
0.965643
0.966089
0.966243
0.966238
0.966071
0.966084
0.966430
0.966528
0.966364
0.966527
0.966594
0.966456
0.966515
0.966230
0.966502
0.966859
0.966559
0.964718
0.963316
0.962886
0.962308
0.960853
0.960469
0.961437
0.864165
0.959061
0.961363
0.961278
0.961643
0.961825
0.961967
0.962225
0.962011
0.962032
0.962684
0.962607
0.963116
0.963065
0.962607
0.962365
0.962710
0.963069
0.962858
0.963081
0.963316
0.963341
0.963922
0.963706
0.964162
0.964597
0.964984
0.965071
0.965123
0.965073
0.965263
0.965162
0.965226
0.965829
0.966214
0.965791
0.965918
0.965816
0.966922
0.968788
0.970762
0.971809
0.971889
0.970956
0.970948
0.970549
0.970459
0.970231
0.969818
0.969346
0.969290
0.968784
0.965859
0.958276
0.950270
0.926552
0.935903
0.946832
0.939396
0.821167
0.712552
0.661746
0.621142
0.666369
0.638155
0.656455
0.679453
0.735080
0.762825
0.775066
0.775958
0.768063
0.769809
0.772379
0.771758
0.769921
0.765982
0.763172
0.760551
0.761205
0.757278
0.759849
0.758945
0.758030
0.761754
0.757927
0.759871
0.760642
0.763078
0.763850
0.763676
0.761991
0.763141
0.758125
0.769164
0.771731
0.761372
0.770108
0.785681
0.776141
0.716107
0.720367
0.676198
0.677032
0.662382
0.677577
0.649887
0.638448
0.618713
0.600773
0.576329
0.584961
0.591078
0.599478
0.697326
0.848845
0.932219
0.950528
0.963258
0.964904
0.965352
0.965492
0.965651
0.965458
0.965704
0.965208
0.965357
0.965451
0.965694
0.966298
0.966065
0.965855
0.965569
0.965828
0.965624
0.965527
0.966323
0.966146
0.964506
0.883536
0.721515
0.569364
0.950539
0.961889
0.961886
0.961159
0.961045
0.961293
0.960257
0.961181
0.962084
0.961208
0.961340
0.962069
0.961369
0.962013
0.962165
0.961691
0.962067
0.962125
0.961880
0.962376
0.962404
0.962099
0.962238
0.962270
0.962864
0.962956
0.962864
0.963071
0.963374
0.963326
0.963538
0.963767
0.963983
0.964032
0.964310
0.964144
0.964609
0.964528
0.964931
0.964973
0.965239
0.966760
0.969229
0.970883
0.970911
0.970488
0.970599
0.969795
0.969776
0.969006
0.968353
0.967549
0.967378
0.966993
0.966397
0.961084
0.957907
0.960459
0.923029
0.870141
0.830993
0.807610
0.803512
0.850977
0.815977
0.812576
0.787840
0.779230
0.779392
0.786441
0.794673
0.797900
0.798733
0.799311
0.797780
0.796523
0.797426
0.795301
0.794461
0.792821
0.792538
0.794007
0.794227
0.792972
0.792268
0.792838
0.793374
0.793405
0.794466
0.794719
0.793775
0.796595
0.779960
0.783439
0.802870
0.835757
0.846632
0.822120
0.827343
0.813476
0.806290
0.782400
0.779193
0.704491
0.668170
0.635310
0.623569
0.603469
0.601229
0.575922
0.561216
0.562541
0.559574
0.551397
0.560984
0.561926
0.562885
0.552650
0.544214
0.530306
0.534390
0.519386
0.525841
0.513630
0.523457
0.538512
0.519385
0.547953
0.544930
0.550990
0.533376
0.523463
0.521213
0.529891
0.535920
0.533551
0.521075
0.526812
0.657954
0.826089
0.906031
0.957829
0.964209
0.965791
0.966529
0.966239
0.966531
0.966708
0.966079
0.966370
0.966654
0.966950
0.966812
0.966730
0.967051
0.967022
0.967137
0.966978
0.966798
0.967011
0.966935
0.966928
0.965877
0.963934
0.963275
0.962776
0.962181
0.962010
0.962125
0.961999
0.961340
0.961643
0.962103
0.962099
0.961687
0.962762
0.962482
0.962691
0.962285
0.963066
0.962514
0.962003
0.961714
0.962791
0.962657
0.962939
0.962973
0.962872
0.962388
0.963135
0.963224
0.963196
0.963549
0.963424
0.963738
0.963427
0.963436
0.964228
0.964202
0.963783
0.964453
0.963912
0.964608
0.965316
0.965359
0.965405
0.965267
0.967027
0.970358
0.971833
0.971629
0.971696
0.970838
0.970710
0.969662
0.969717
0.969061
0.967986
0.967225
0.966644
0.965979
0.965289
0.965088
0.963604
0.958919
0.959804
0.895341
0.740354
0.686064
0.655986
0.646910
0.627179
0.660368
0.707377
0.736206
0.753616
0.799330
0.796314
0.789095
0.787395
0.790117
0.792654
0.792008
0.793937
0.793765
0.793305
0.791490
0.790579
0.788470
0.787596
0.786392
0.787828
0.788376
0.787070
0.788333
0.787839
0.789407
0.788936
0.788409
0.787416
0.788249
0.792903
0.790888
0.796776
0.791687
0.799393
0.793647
0.757637
0.731878
0.747298
0.726413
0.714477
0.674752
0.661469
0.622363
0.586959
0.597876
0.614579
0.579564
0.554758
0.544367
0.557912
0.578125
0.572913
0.550687
0.539620
0.553686
0.546321
0.549485
0.546566
0.532852
0.518926
0.519414
0.517713
0.531637
0.525579
0.518175
0.512615
0.522817
0.532965
0.520303
0.524407
0.517606
0.511530
0.511605
0.520955
0.538579
0.533174
0.543327
0.659140
0.827904
0.925339
0.950066
0.964803
0.966839
0.966841
0.966426
0.966420
0.966854
0.967101
0.967070
0.966843
0.967125
0.966954
0.966808
0.967281
0.967217
0.967508
0.966659
0.966982
0.967084
0.967404
0.967146
0.965849
0.963983
0.961956
0.962810
0.961478
0.962572
0.962279
0.962533
0.962063
0.962443
0.962700
0.962998
0.963152
0.962581
0.597667
0.962360
0.962777
0.962326
0.962942
0.962759
0.962841
0.962932
0.962829
0.963052
0.962489
0.963151
0.962736
0.962790
0.963408
0.963519
0.963210
0.963757
0.963797
0.963463
0.964208
0.964593
0.964291
0.964526
0.964640
0.964909
0.964871
0.964989
0.965652
0.965770
0.965611
0.967096
0.968979
0.970747
0.971767
0.971645
0.971556
0.970656
0.969774
0.969862
0.969078
0.968626
0.968165
0.967002
0.945396
0.947264
0.922426
0.965011
0.961392
0.958292
0.950432
0.943891
0.832770
0.666537
0.687077
0.625767
0.653404
0.634972
0.677865
0.702109
0.741971
0.728052
0.739967
0.740175
0.740649
0.747706
0.749048
0.749692
0.753683
0.751621
0.752045
0.753072
0.755013
0.757955
0.758892
0.756460
0.758257
0.757758
0.756742
0.755462
0.755612
0.754346
0.754971
0.755253
0.756939
0.756542
0.758850
0.750466
0.735647
0.729417
0.740671
0.769788
0.776279
0.747761
0.720626
0.710852
0.731402
0.701375
0.684256
0.643941
0.628754
0.611745
0.620265
0.622426
0.593304
0.558420
0.567200
0.547193
0.544822
0.562734
0.561385
0.594659
0.751631
0.878603
0.936610
0.958993
0.963759
0.965553
0.965674
0.964783
0.964355
0.965008
0.965393
0.964891
0.965512
0.965354
0.965254
0.965673
0.965742
0.965722
0.965677
0.965843
0.965787
0.966172
0.966333
0.965557
0.964739
0.963565
0.963215
0.962825
0.961781
0.962103
0.961121
0.961157
0.961425
0.961347
0.961513
0.962515
0.962586
0.962673
0.962483
0.962939
0.962720
0.962882
0.962603
0.962372
0.962971
0.963022
0.962761
0.963178
0.962821
0.962113
0.962867
0.962334
0.962969
0.962894
0.963217
0.962818
0.963448
0.963813
0.964042
0.963812
0.964173
0.963792
0.964232
0.964538
0.964082
0.964112
0.964686
0.964799
0.965073
0.966276
0.969297
0.971162
0.971200
0.971011
0.970707
0.967476
0.969963
0.969406
0.968826
0.967974
0.967101
0.966398
0.966126
0.965721
0.965119
0.965307
0.963535
0.962857
0.954642
0.946040
0.803553
0.783346
0.823039
0.802780
0.800354
0.750559
0.752563
0.761286
0.755839
0.756999
0.751788
0.753134
0.753094
0.755860
0.756530
0.754579
0.754423
0.751666
0.753128
0.749907
0.749921
0.748981
0.748098
0.747975
0.747794
0.748375
0.749872
0.751143
0.749368
0.749244
0.757764
0.759160
0.760763
0.755401
0.761040
0.772856
0.765867
0.803410
0.775637
0.744469
0.748600
0.731973
0.700178
0.680045
0.661696
0.621007
0.585289
0.592392
0.595287
0.571121
0.554089
0.563245
0.560951
0.543167
0.554466
0.567768
0.533351
0.541575
0.522382
0.544770
0.531799
0.537006
0.548624
0.525922
0.531015
0.651155
0.837289
0.925332
0.952273
0.963780
0.965685
0.966196
0.966648
0.966744
0.966803
0.966874
0.967154
0.967060
0.966897
0.967317
0.967103
0.966805
0.966721
0.966848
0.967025
0.966844
0.966782
0.967161
0.967192
0.965042
0.964246
0.963420
0.962929
0.962275
0.962446
0.962231
0.962290
0.961942
0.961466
0.962163
0.961589
0.962827
0.962911
0.962136
0.962715
0.963368
0.963185
0.963613
0.963266
0.962648
0.962181
0.962721
0.962779
0.962845
0.963085
0.962522
0.963482
0.963349
0.963858
0.963995
0.963816
0.964118
0.964329
0.964058
0.964300
0.964403
0.964565
0.964958
0.965371
0.965353
0.965305
0.965667
0.964988
0.966230
0.967707
0.970557
0.971919
0.971639
0.971339
0.970662
0.970597
0.970473
0.969699
0.968847
0.968433
0.968098
0.967380
0.967433
0.966777
0.964607
0.966388
0.961600
0.952500
0.900843
0.740578
0.720781
0.740060
0.733143
0.760507
0.761796
0.750818
0.759312
0.769812
0.762007
0.761417
0.761213
0.760679
0.760463
0.762848
0.767951
0.767354
0.768142
0.766621
0.769158
0.770439
0.769643
0.768579
0.772445
0.772093
0.772199
0.769412
0.770820
0.772033
0.770263
0.771420
0.771499
0.759032
0.764199
0.766088
0.766449
0.802425
0.833144
0.797243
0.774051
0.737106
0.734770
0.750570
0.679824
0.645264
0.653657
0.637959
0.613460
0.605412
0.583114
0.575933
0.573173
0.554439
0.564354
0.656413
0.807062
0.903453
0.945374
0.963101
0.964239
0.964871
0.964640
0.964872
0.965331
0.965759
0.965895
0.965769
0.965821
0.965483
0.965634
0.965389
0.965312
0.965416
0.965502
0.965453
0.965673
0.965676
0.966015
0.964943
0.963812
0.963538
0.962239
0.688703
0.961276
0.961942
0.962524
0.961602
0.961909
0.961926
0.962803
0.962123
0.962009
0.962743
0.962687
0.962855
0.963390
0.962772
0.963163
0.962333
0.962561
0.962717
0.962791
0.963478
0.963079
0.963135
0.963670
0.963538
0.963419
0.963953
0.963797
0.964439
0.964036
0.964051
0.965084
0.965237
0.965015
0.965362
0.965630
0.965749
0.965741
0.965832
0.965636
0.966127
0.968046
0.970251
0.971678
0.971641
0.971454
0.971094
0.970318
0.970463
0.970049
0.969367
0.969214
0.968797
0.968314
0.967135
0.968005
0.962857
0.963316
0.961800
0.937078
0.935727
0.835013
0.822630
0.836606
0.865032
0.822000
0.826485
0.826925
0.822945
0.822377
0.827504
0.823552
0.822427
0.820238
0.821708
0.819712
0.818017
0.818659
0.819154
0.818774
0.820713
0.822198
0.821486
0.821402
0.822932
0.822699
0.820647
0.820398
0.821452
0.820889
0.820613
0.820519
0.827110
0.819646
0.831570
0.842187
0.857147
0.865327
0.865313
0.825970
0.804855
0.814648
0.803160
0.732339
0.734170
0.676260
0.613828
0.612335
0.611762
0.615394
0.593891
0.579614
0.575911
0.564568
0.564331
0.568477
0.549889
0.547422
0.550633
0.550202
0.533334
0.542294
0.541965
0.547298
0.556152
0.542616
0.534991
0.534685
0.525801
0.529135
0.528285
0.544602
0.558595
0.571809
0.700261
0.842706
0.929555
0.958441
0.963415
0.966541
0.966487
0.967269
0.966988
0.967030
0.967039
0.967289
0.967494
0.967354
0.967328
0.966874
0.967012
0.967154
0.967210
0.967081
0.967424
0.967567
0.967539
0.967372
0.965296
0.965076
0.964099
0.963150
0.963189
0.962704
0.962241
0.962856
0.962754
0.962249
0.962994
0.962124
0.963191
0.963839
0.962604
0.962797
0.963934
0.963617
0.963228
0.963165
0.963093
0.962703
0.962509
0.963430
0.963682
0.963382
0.963486
0.963116
0.963772
0.963636
0.963638
0.963979
0.964219
0.964150
0.964316
0.964650
0.964726
0.964606
0.964797
0.965219
0.965376
0.965642
0.965532
0.966066
0.965991
0.966344
0.968292
0.970599
0.971894
0.970046
0.971541
0.971448
0.968405
0.971486
0.970617
0.969716
0.967619
0.966440
0.967409
0.967131
0.966389
0.966415
0.964968
0.963850
0.962102
0.941357
0.807055
0.656592
0.679525
0.706177
0.667436
0.763440
0.788961
0.835706
0.824252
0.833828
0.828227
0.821786
0.817608
0.822559
0.826078
0.826774
0.823351
0.822888
0.823268
0.821789
0.822453
0.823623
0.823815
0.820595
0.820305
0.821354
0.821074
0.819424
0.817752
0.818436
0.821262
0.821562
0.820367
0.821262
0.825434
0.829373
0.828075
0.829124
0.840138
0.820812
0.822918
0.800813
0.774499
0.768400
0.749303
0.761970
0.690115
0.626664
0.629584
0.596013
0.615551
0.632008
0.609462
0.608289
0.577333
0.558973
0.575349
0.548997
0.559117
0.547933
0.548057
0.536102
0.531622
0.534227
0.530619
0.530928
0.537223
0.528239
0.535723
0.524803
0.532576
0.516219
0.517402
0.523721
0.517261
0.509464
0.531926
0.529948
0.527715
0.539800
0.517273
0.512776
0.543812
0.529124
0.546421
0.527683
0.518712
0.529824
0.667789
0.833968
0.920323
0.947677
0.959647
0.965805
0.965743
0.966836
0.965858
0.966296
0.967177
0.967016
0.966396
0.966157
0.966970
0.967058
0.967337
0.967092
0.967474
0.967694
0.967301
0.967411
0.967845
0.967483
0.965694
0.964475
0.963719
0.963232
0.571121
0.885498
0.962350
0.961590
0.962670
0.962752
0.961724
0.963048
0.962816
0.963055
0.958510
0.963791
0.963029
0.963593
0.963464
0.963615
0.963504
0.962940
0.963382
0.963336
0.963637
0.964278
0.964100
0.964224
0.963919
0.963843
0.964401
0.964548
0.965194
0.964598
0.965113
0.965479
0.965703
0.966066
0.966196
0.965894
0.966157
0.966802
0.966724
0.966659
0.967012
0.967171
0.969520
0.971314
0.972598
0.972126
0.972156
0.969428
0.971628
0.971147
0.970758
0.970095
0.969799
0.969448
0.968915
0.962032
0.967822
0.956844
0.954795
0.917049
0.880796
0.896977
0.800378
0.759148
0.687723
0.616138
0.632446
0.651895
0.640133
0.692312
0.778180
0.807566
0.821501
0.801504
0.784924
0.786967
0.792926
0.794330
0.795296
0.796203
0.793146
0.792940
0.793769
0.795304
0.794139
0.795705
0.793861
0.794426
0.793785
0.795729
0.794707
0.795364
0.796702
0.797381
0.799533
0.799748
0.798500
0.794728
0.796871
0.789442
0.808023
0.810186
0.804071
0.801388
0.810252
0.807185
0.758703
0.741265
0.741391
0.732690
0.697109
0.668408
0.630453
0.612955
0.618165
0.600744
0.673499
0.788428
0.904771
0.947198
0.962525
0.964539
0.962827
0.966525
0.966421
0.965590
0.965475
0.965788
0.966468
0.966563
0.966647
0.966194
0.966462
0.966232
0.966876
0.966421
0.966539
0.966661
0.966848
0.966463
0.965796
0.962503
0.962045
0.963161
0.958395
0.957706
0.959019
0.963125
0.960965
0.959870
0.959525
0.962483
0.960708
0.963000
0.963129
0.963439
0.962394
0.962152
0.962530
0.961843
0.962276
0.962295
0.962508
0.963448
0.962923
0.962521
0.963092
0.963318
0.963221
0.963550
0.963538
0.964175
0.964072
0.963543
0.964008
0.964450
0.964170
0.964215
0.964689
0.964454
0.964410
0.964958
0.965328
0.965299
0.965667
0.966778
0.968604
0.971100
0.971958
0.971777
0.971367
0.971298
0.970839
0.970321
0.969689
0.969263
0.968837
0.968198
0.967749
0.967256
0.966716
0.965624
0.958747
0.958783
0.952126
0.928549
0.900846
0.855767
0.862026
0.851055
0.852073
0.838086
0.833885
0.830015
0.831134
0.832633
0.834922
0.837351
0.836307
0.835684
0.833432
0.831764
0.831693
0.831406
0.831297
0.829995
0.830316
0.830882
0.830870
0.830691
0.830779
0.829899
0.829686
0.830502
0.831917
0.831486
0.838622
0.852619
0.851108
0.879194
0.883717
0.868321
0.873676
0.842193
0.827656
0.839500
0.741119
0.726599
0.690555
0.647229
0.603938
0.594685
0.616662
0.582410
0.599864
0.584454
0.564991
0.549079
0.556790
0.570148
0.558258
0.562457
0.540691
0.521508
0.534759
0.522178
0.527774
0.540025
0.526655
0.526177
0.518642
0.534117
0.530797
0.532212
0.510759
0.509747
0.527830
0.519801
0.515095
0.529301
0.526541
0.524497
0.514672
0.532342
0.535113
0.523739
0.535307
0.529328
0.520521
0.522223
0.521772
0.647140
0.844272
0.934743
0.961005
0.964887
0.966865
0.967802
0.967706
0.968455
0.968027
0.968395
0.968730
0.968412
0.968410
0.968499
0.968356
0.968026
0.968108
0.968680
0.968164
0.968747
0.968054
0.966418
0.957149
0.961990
0.962750
0.963539
0.960586
0.963520
0.959654
0.962481
0.958664
0.960544
0.961557
0.963185
0.961943
0.962808
0.963594
0.963999
0.963270
0.964618
0.963062
0.964426
0.964018
0.963410
0.964291
0.963472
0.964238
0.963503
0.963922
0.964661
0.964404
0.964978
0.964815
0.965503
0.965570
0.965907
0.966082
0.965855
0.966174
0.965945
0.966351
0.966773
0.966919
0.966815
0.966913
0.967859
0.969483
0.971078
0.973020
0.972891
0.972507
0.972306
0.971973
0.971598
0.971630
0.971129
0.970587
0.970166
0.969924
0.969441
0.969467
0.964407
0.957234
0.950801
0.958201
0.940260
0.909254
0.865235
0.766596
0.739717
0.710792
0.690431
0.681645
0.653072
0.666538
0.659028
0.654732
0.651900
0.662322
0.663056
0.653718
0.656865
0.656494
0.658245
0.654294
0.652643
0.654479
0.654841
0.653409
0.656163
0.658062
0.660622
0.661373
0.662849
0.663177
0.662370
0.663492
0.662799
0.662617
0.661481
0.661635
0.654360
0.653622
0.656134
0.678372
0.701958
0.718955
0.702672
0.676086
0.663406
0.647923
0.658790
0.638083
0.653111
0.645695
0.619807
0.602756
0.576594
0.589498
0.601536
0.593603
0.566168
0.550959
0.570607
0.541593
0.557042
0.536237
0.543998
0.545816
0.557886
0.555888
0.553522
0.552938
0.521201
0.528879
0.524512
0.631912
0.794526
0.935138
0.781647
0.830301
0.920877
0.952208
0.962057
0.967096
0.967406
0.967853
0.967999
0.968409
0.968146
0.968205
0.968696
0.968313
0.968343
0.968398
0.968290
0.968672
0.968584
0.967928
0.968227
0.968176
0.967902
0.968061
0.966352
0.963074
0.960136
0.958827
0.960064
0.962642
0.962554
0.960297
0.963398
0.957187
0.963474
0.961446
0.961856
0.962352
0.963656
0.963941
0.963020
0.963609
0.963759
0.962401
0.964073
0.963339
0.963694
0.964133
0.963737
0.964194
0.964235
0.964680
0.964887
0.965046
0.965396
0.965451
0.965721
0.965977
0.966095
0.966226
0.966240
0.966201
0.966766
0.967092
0.967259
0.967358
0.967275
0.967711
0.967912
0.970142
0.971705
0.972801
0.972790
0.972482
0.972503
0.972139
0.972303
0.972174
0.971808
0.971043
0.970893
0.970995
0.969742
0.968076
0.968865
0.962925
0.963493
0.948561
0.951290
0.929944
0.890826
0.854987
0.832586
0.798192
0.782256
0.721951
0.774429
0.736875
0.737816
0.743223
0.745767
0.752367
0.760201
0.765142
0.762980
0.765162
0.767818
0.766042
0.766993
0.769743
0.766848
0.769829
0.770028
0.768303
0.769919
0.771613
0.771399
0.771860
0.773519
0.774601
0.773277
0.768875
0.763488
0.748092
0.735904
0.766093
0.792544
0.786831
0.777479
0.754196
0.731606
0.725087
0.749378
0.727291
0.667283
0.629271
0.614645
0.605798
0.616399
0.625712
0.621911
0.583296
0.574598
0.567639
0.566875
0.571167
0.561763
0.535544
0.551465
0.554270
0.560953
0.559217
0.620402
0.761853
0.894310
0.946067
0.959798
0.965914
0.966142
0.965420
0.967304
0.967230
0.966140
0.966908
0.966885
0.967059
0.967402
0.967641
0.967492
0.967608
0.967556
0.967448
0.967877
0.967745
0.968031
0.967485
0.963574
0.960568
0.959623
0.932307
0.959767
0.958476
0.955565
0.959303
0.962435
0.958819
0.959875
0.962243
0.963274
0.961780
0.962313
0.962749
0.963562
0.964101
0.957916
0.962575
0.964174
0.963158
0.964188
0.963042
0.963696
0.964269
0.963755
0.963276
0.963863
0.963162
0.963647
0.964307
0.964547
0.964913
0.964991
0.964500
0.964879
0.964696
0.964690
0.964901
0.965400
0.965251
0.965600
0.965859
0.967122
0.968456
0.971435
0.972416
0.973038
0.972873
0.972211
0.971978
0.970811
0.970567
0.969808
0.969203
0.968356
0.967808
0.967298
0.966729
0.952348
0.946644
0.926177
0.932229
0.918519
0.905971
0.912458
0.862588
0.851367
0.859243
0.828436
0.843234
0.841216
0.844592
0.839937
0.839825
0.837991
0.836000
0.834850
0.832575
0.830598
0.830340
0.829324
0.829307
0.832596
0.833870
0.834565
0.835419
0.835533
0.833479
0.834051
0.833199
0.832251
0.830505
0.830689
0.828174
0.840902
0.845985
0.838635
0.858588
0.868957
0.874608
0.865702
0.833106
0.813791
0.833773
0.803117
0.776937
0.743114
0.665142
0.629290
0.606361
0.600228
0.584917
0.583517
0.552745
0.558574
0.564600
0.552206
0.564215
0.564795
0.549860
0.537934
0.540595
0.548574
0.540195
0.540927
0.547175
0.558599
0.536594
0.499575
0.503649
0.503387
0.520136
0.525589
0.523762
0.519797
0.523857
0.592733
0.724013
0.856179
0.920191
0.948323
0.938273
0.937624
0.951585
0.962464
0.965663
0.965456
0.966849
0.966995
0.967593
0.967676
0.968207
0.967935
0.967626
0.967839
0.967458
0.967400
0.967348
0.967164
0.967469
0.967804
0.966271
0.962902
0.958327
0.956836
0.957888
0.957838
0.956085
0.960465
0.957926
0.959810
0.957839
0.961105
0.963148
0.960211
0.961912
0.960931
0.963800
0.961977
0.962594
0.961744
0.964072
0.961582
0.963803
0.963194
0.963192
0.964431
0.963913
0.964399
0.965365
0.965113
0.964967
0.965110
0.965617
0.965703
0.966261
0.965939
0.965873
0.966074
0.966354
0.966820
0.966977
0.967283
0.967418
0.966962
0.968073
0.970339
0.971514
0.973198
0.972870
0.972470
0.972376
0.972180
0.972070
0.971567
0.971205
0.970546
0.969824
0.968834
0.967166
0.959892
0.961525
0.949941
0.949389
0.925758
0.934921
0.902911
0.908690
0.849044
0.872765
0.859904
0.798304
0.820669
0.795600
0.767161
0.787253
0.784828
0.782573
0.781104
0.777902
0.776656
0.777866
0.776389
0.774847
0.773107
0.770633
0.770307
0.767956
0.767203
0.769145
0.767650
0.768805
0.771690
0.771039
0.771982
0.773564
0.773311
0.771575
0.771626
0.776593
0.782602
0.789273
0.766552
0.784892
0.809410
0.813808
0.788298
0.776998
0.771893
0.768854
0.721364
0.685100
0.660577
0.639014
0.610878
0.586755
0.611213
0.595501
0.579400
0.576237
0.568420
0.559632
0.558579
0.549618
0.555221
0.554990
0.558401
0.551547
0.527552
0.527440
0.531445
0.531294
0.531756
0.532307
0.542645
0.521900
0.517201
0.521155
0.534518
0.521384
0.511221
0.526475
0.522140
0.530210
0.568334
0.709773
0.887775
0.948328
0.959782
0.965569
0.964074
0.967337
0.966070
0.967057
0.968274
0.967387
0.967506
0.968009
0.967828
0.967718
0.967894
0.967276
0.967402
0.967120
0.967390
0.967621
0.967792
0.968282
0.967254
0.964955
0.959791
0.955722
0.955332
0.954231
0.957180
0.958755
0.958832
0.957494
0.958899
0.960057
0.959412
0.956276
0.957659
0.956885
0.960508
0.961717
0.959888
0.962469
0.960031
0.960650
0.962811
0.962233
0.963402
0.961771
0.962863
0.962955
0.962960
0.963947
0.963194
0.963628
0.964049
0.964484
0.963826
0.964823
0.963946
0.964607
0.964559
0.965211
0.964734
0.965379
0.965268
0.965736
0.965918
0.966113
0.967657
0.969781
0.972792
0.972706
0.972733
0.971891
0.971470
0.971276
0.970114
0.970117
0.969535
0.968753
0.967572
0.967780
0.967441
0.963429
0.959394
0.942107
0.947215
0.915736
0.895544
0.895986
0.846274
0.862693
0.824595
0.791868
0.794701
0.753715
0.755871
0.793088
0.770308
0.771926
0.772596
0.776163
0.777814
0.778570
0.781268
0.781045
0.779512
0.778809
0.779400
0.778429
0.780148
0.779412
0.780606
0.778165
0.775948
0.778119
0.778350
0.776697
0.778962
0.778939
0.777240
0.778107
0.783334
0.771110
0.769218
0.788823
0.813430
0.829791
0.796818
0.750627
0.749347
0.740008
0.716354
0.737907
0.707114
0.720197
0.684213
0.637037
0.624618
0.602314
0.610000
0.596847
0.577955
0.577604
0.567848
0.561463
0.543443
0.534763
0.535818
0.552766
0.578179
0.560977
0.536017
0.523580
0.525859
0.555372
0.679317
0.849264
0.915266
0.942281
0.954000
0.962975
0.964573
0.966075
0.964782
0.964639
0.966067
0.965761
0.966105
0.966373
0.966637
0.966457
0.966769
0.967028
0.966919
0.966984
0.966678
0.966382
0.966399
0.966392
0.966344
0.966048
0.960566
0.961208
0.950823
0.951569
0.956861
0.956812
0.954578
0.958211
0.957338
0.959773
0.959477
0.958983
0.959855
0.959266
0.961379
0.961685
0.959885
0.956512
0.958373
0.960608
0.962723
0.961545
0.960525
0.961797
0.963584
0.959853
0.961511
0.961300
0.964086
0.962179
0.963138
0.963562
0.963519
0.964626
0.963182
0.964048
0.964526
0.964297
0.964210
0.964560
0.964685
0.963927
0.964889
0.964980
0.965915
0.966320
0.970421
0.972408
0.972739
0.972364
0.972137
0.971783
0.970640
0.969616
0.968658
0.967841
0.967131
0.966609
0.965458
0.965926
0.963058
0.950531
0.928926
0.942866
0.938253
0.905832
0.872958
0.844466
0.852739
0.810994
0.807035
0.780629
0.779083
0.770700
0.770464
0.767313
0.767111
0.765293
0.764631
0.764077
0.762964
0.760355
0.757852
0.755998
0.758538
0.756926
0.754729
0.757750
0.759814
0.756508
0.755749
0.755402
0.757340
0.757163
0.757516
0.756672
0.761508
0.771164
0.775602
0.797942
0.813559
0.822191
0.832929
0.849598
0.836799
0.823019
0.787368
0.769750
0.786082
0.688983
0.647012
0.624409
0.622477
0.579752
0.578172
0.593458
0.587688
0.575739
0.584118
0.564892
0.556354
0.553071
0.557537
0.573674
0.684311
0.807755
0.898274
0.950316
0.960914
0.963379
0.964722
0.961344
0.964393
0.963289
0.964266
0.964993
0.965377
0.963971
0.965350
0.965992
0.966207
0.965989
0.966089
0.966770
0.965907
0.965536
0.964931
0.965436
0.965538
0.965579
0.960821
0.960284
0.961027
0.955131
0.943346
0.951699
0.953784
0.959354
0.956689
0.956455
0.955962
0.953881
0.959868
0.953217
0.959292
0.954483
0.959056
0.959854
0.954302
0.960884
0.960950
0.960663
0.960332
0.962260
0.961886
0.961369
0.963084
0.964200
0.961316
0.962870
0.964243
0.964192
0.963991
0.964426
0.964407
0.964250
0.965826
0.964048
0.965212
0.964452
0.965737
0.964732
0.964950
0.964230
0.963819
0.963574
0.964795
0.967240
0.971472
0.971900
0.971042
0.970308
0.968550
0.968124
0.966560
0.965800
0.964211
0.961813
0.960422
0.959932
0.950768
0.929369
0.946133
0.936550
0.921430
0.889623
0.890694
0.831827
0.808678
0.838366
0.848322
0.840982
0.835294
0.830891
0.827222
0.828237
0.825234
0.824464
0.820788
0.818890
0.818276
0.817616
0.815890
0.815279
0.814582
0.814213
0.813416
0.811517
0.811822
0.811846
0.812208
0.811043
0.811357
0.808844
0.818042
0.829066
0.841198
0.844882
0.863014
0.868029
0.863224
0.852644
0.840196
0.810836
0.818320
0.830409
0.812139
0.775232
0.723789
0.670784
0.595806
0.601915
0.588986
0.593328
0.572851
0.573557
0.581677
0.586994
0.553135
0.551112
0.562401
0.533076
0.556583
0.571135
0.542177
0.521698
0.516757
0.568059
0.706168
0.834474
0.922394
0.944576
0.955027
0.956351
0.961916
0.964058
0.964212
0.961922
0.963409
0.963487
0.965052
0.965101
0.965399
0.965461
0.965682
0.965905
0.966062
0.966148
0.966354
0.966404
0.966578
0.966203
0.966676
0.965996
0.965135
0.959753
0.958404
0.944639
0.951748
0.956451
0.945744
0.948742
0.945228
0.946480
0.956923
0.958501
0.957238
0.957102
0.955027
0.957599
0.961146
0.961881
0.959907
0.777969
0.948720
0.957129
0.958845
0.959574
0.962554
0.961401
0.961844
0.962822
0.962875
0.963729
0.964504
0.963438
0.963930
0.964867
0.964821
0.964985
0.964458
0.965019
0.964709
0.965106
0.965338
0.965812
0.965696
0.965700
0.966141
0.967597
0.970304
0.972792
0.972898
0.972590
0.972338
0.971634
0.970263
0.968234
0.951638
0.914613
0.937581
0.953504
0.916800
0.929633
0.920204
0.943783
0.944974
0.935304
0.945054
0.934888
0.945369
0.864106
0.824356
0.829241
0.809141
0.823858
0.811772
0.805942
0.809656
0.811407
0.814359
0.811027
0.811014
0.810245
0.809702
0.809144
0.811706
0.814021
0.815335
0.817145
0.816183
0.817493
0.815648
0.814756
0.814741
0.815365
0.815286
0.814943
0.814921
0.816644
0.817172
0.815621
0.811679
0.806514
0.808683
0.823803
0.848769
0.856747
0.832259
0.804396
0.823873
0.819203
0.800614
0.777419
0.714732
0.683327
0.671235
0.629044
0.599598
0.594467
0.608387
0.600026
0.561106
0.562085
0.567580
0.566223
0.555031
0.559386
0.557835
0.545640
0.564402
0.536114
0.534269
0.535714
0.536527
0.537051
0.536986
0.530840
0.499640
0.511016
0.522312
0.546246
0.534887
0.536156
0.542525
0.513104
0.512643
0.538060
0.670167
0.864310
0.944299
0.955864
0.963060
0.963012
0.963693
0.966440
0.964205
0.962162
0.964543
0.963514
0.964671
0.965858
0.965866
0.966512
0.966596
0.966616
0.967016
0.966850
0.967402
0.967251
0.967811
0.967330
0.966715
0.960012
0.951817
0.949859
0.946312
0.950831
0.953282
0.954175
0.955163
0.953376
0.955227
0.960475
0.958830
0.956068
0.961976
0.959364
0.956911
0.963091
0.956785
0.962678
0.962965
0.957714
0.961982
0.964163
0.961383
0.962461
0.963743
0.963528
0.964680
0.965024
0.964255
0.964691
0.964475
0.965621
0.965035
0.965369
0.965782
0.966156
0.966140
0.966272
0.966586
0.966681
0.966932
0.966930
0.966866
0.967527
0.970165
0.972400
0.973118
0.973291
0.973377
0.972412
0.972294
0.972128
0.971894
0.971597
0.970762
0.970688
0.969962
0.967222
0.968408
0.955554
0.951596
0.951048
0.955873
0.949210
0.892902
0.846456
0.789935
0.845978
0.815447
0.761382
0.753145
0.786223
0.786012
0.784175
0.779635
0.778551
0.775033
0.774519
0.774261
0.773180
0.769129
0.767177
0.760916
0.761871
0.762638
0.760990
0.761784
0.762359
0.760880
0.764148
0.763271
0.764023
0.762940
0.762695
0.765819
0.768107
0.769711
0.763035
0.771619
0.773697
0.781467
0.781980
0.806967
0.806789
0.811705
0.800493
0.782257
0.773026
0.754396
0.741382
0.746750
0.660643
0.638568
0.633814
0.602903
0.604076
0.592721
0.588322
0.580266
0.547963
0.558086
0.565417
0.573510
0.571356
0.552410
0.522665
0.516234
0.534647
0.533150
0.553922
0.546204
0.523424
0.529761
0.524940
0.539767
0.534394
0.550216
0.525434
0.516066
0.525646
0.516558
0.515844
0.515527
0.503577
0.513549
0.540679
0.667189
0.854192
0.944134
0.962499
0.961681
0.962769
0.921142
0.740387
0.831062
0.913501
0.931451
0.946924
0.952552
0.953418
0.954498
0.955525
0.956398
0.956467
0.957521
0.956185
0.957186
0.957705
0.959637
0.963719
0.967307
0.958719
0.944261
0.945558
0.937305
0.946776
0.948808
0.953981
0.502980
0.925674
0.954164
0.957920
0.957260
0.958186
0.958024
0.960268
0.961089
0.959990
0.959920
0.962190
0.961460
0.962411
0.961956
0.962076
0.963167
0.963950
0.962902
0.964268
0.963681
0.964260
0.964880
0.965268
0.965908
0.965988
0.965687
0.966283
0.966226
0.966169
0.965741
0.965949
0.966471
0.967273
0.967405
0.967554
0.967710
0.968118
0.970348
0.972421
0.973418
0.973221
0.972211
0.972075
0.971697
0.971579
0.971827
0.970176
0.970011
0.968022
0.944701
0.941738
0.951446
0.922372
0.912693
0.877753
0.820824
0.902796
0.879631
0.870923
0.834722
0.814889
0.803916
0.801637
0.742180
0.802825
0.702264
0.746413
0.754913
0.744568
0.737859
0.743619
0.746876
0.744609
0.746589
0.747937
0.746824
0.749892
0.747952
0.749016
0.749978
0.746923
0.751477
0.749062
0.748250
0.749843
0.747397
0.747889
0.748091
0.747747
0.747158
0.744372
0.751363
0.746914
0.744203
0.754700
0.768597
0.770993
0.796190
0.784512
0.774612
0.752079
0.744779
0.716564
0.707191
0.664128
0.665116
0.649376
0.622245
0.602249
0.592460
0.588065
0.585349
0.573789
0.575331
0.558171
0.558714
0.550291
0.527471
0.532896
0.555481
0.535702
0.544680
0.556812
0.551256
0.539866
0.543808
0.533139
0.512744
0.530304
0.545622
0.653802
0.797226
0.908781
0.944622
0.945952
0.955885
0.960476
0.964563
0.964791
0.963292
0.963337
0.964317
0.964718
0.966018
0.966555
0.965417
0.965527
0.965936
0.966032
0.964873
0.965017
0.965464
0.965858
0.966031
0.966041
0.966107
0.961181
0.956231
0.941924
0.951801
0.941770
0.945089
0.958068
0.949214
0.944490
0.955705
0.949309
0.958267
0.956375
0.956546
0.957575
0.956248
0.959827
0.958050
0.957641
0.960255
0.957997
0.958681
0.960901
0.960147
0.961925
0.960434
0.962804
0.962394
0.962355
0.963342
0.964268
0.963557
0.963104
0.963606
0.963153
0.964317
0.964798
0.964988
0.965650
0.965365
0.966020
0.965238
0.965786
0.966098
0.966783
0.968514
0.971321
0.972311
0.971886
0.972727
0.972648
0.972287
0.971087
0.969729
0.969298
0.968175
0.967909
0.967363
0.966955
0.961973
0.961866
0.946914
0.955179
0.950982
0.941414
0.897743
0.878673
0.856776
0.861083
0.836027
0.810458
0.787668
0.779998
0.764316
0.767191
0.763063
0.760446
0.755046
0.753664
0.750313
0.757479
0.753948
0.757240
0.756030
0.758290
0.755129
0.754787
0.757769
0.757400
0.756267
0.755837
0.755987
0.757366
0.758227
0.757314
0.757804
0.759158
0.757068
0.757810
0.767631
0.773110
0.767026
0.805732
0.833556
0.825111
0.807549
0.770543
0.785476
0.784366
0.790386
0.724817
0.690206
0.666855
0.663583
0.606171
0.614675
0.622182
0.591180
0.575232
0.576453
0.587412
0.554660
0.548722
0.561329
0.538747
0.540874
0.538989
0.534546
0.531024
0.531214
0.520363
0.527209
0.536644
0.539477
0.548028
0.526422
0.519074
0.509142
0.514396
0.516654
0.509110
0.520666
0.522496
0.519296
0.506724
0.532320
0.514301
0.529824
0.497211
0.515620
0.515669
0.498379
0.617019
0.799645
0.912578
0.955817
0.961283
0.937294
0.871902
0.923908
0.951830
0.956725
0.958691
0.960894
0.963045
0.962991
0.963209
0.963507
0.964037
0.964136
0.964265
0.965027
0.964856
0.965016
0.965720
0.966410
0.965455
0.945245
0.954212
0.950836
0.943933
0.936795
0.943807
0.946106
0.947633
0.936651
0.951896
0.947202
0.957089
0.951508
0.960895
0.959491
0.958908
0.959867
0.958752
0.959535
0.957842
0.962983
0.962028
0.962584
0.963656
0.962143
0.962742
0.962505
0.964459
0.964417
0.964085
0.965114
0.964802
0.965948
0.965584
0.965785
0.966482
0.966251
0.966207
0.966810
0.967027
0.966779
0.967710
0.967515
0.967965
0.968751
0.970828
0.972389
0.974075
0.973498
0.973002
0.972766
0.972303
0.970500
0.972003
0.971675
0.971220
0.967586
0.969427
0.969275
0.955073
0.941581
0.948360
0.956728
0.935838
0.915585
0.911636
0.857110
0.823583
0.823366
0.762339
0.791370
0.785360
0.801015
0.714845
0.772845
0.724879
0.736583
0.728069
0.736420
0.737786
0.744989
0.746213
0.746831
0.749730
0.751305
0.753746
0.753645
0.754062
0.754770
0.754620
0.754640
0.757732
0.757746
0.759604
0.758660
0.758852
0.759818
0.761156
0.761918
0.757413
0.750880
0.740131
0.727852
0.736129
0.734029
0.777248
0.765213
0.754450
0.752628
0.734210
0.731187
0.741197
0.712414
0.693508
0.657220
0.611827
0.617996
0.618433
0.602737
0.546392
0.579376
0.571052
0.558058
0.579845
0.575139
0.564011
0.554547
0.557567
0.561684
0.553466
0.545013
0.574774
0.755719
0.908285
0.944363
0.959305
0.961384
0.962946
0.963481
0.963545
0.964553
0.965774
0.965653
0.964299
0.963858
0.963407
0.964215
0.964705
0.965688
0.965813
0.966363
0.966375
0.966661
0.965900
0.966909
0.967120
0.966632
0.959051
0.945901
0.943653
0.951439
0.954016
0.958318
0.950091
0.950703
0.956195
0.948355
0.957966
0.956313
0.958735
0.960081
0.955715
0.958182
0.958260
0.961297
0.958770
0.959136
0.958854
0.962000
0.960238
0.960037
0.962687
0.962921
0.963780
0.963898
0.963481
0.964364
0.963873
0.964078
0.964891
0.965854
0.965320
0.965990
0.965528
0.965821
0.966418
0.966322
0.966755
0.967081
0.967348
0.967457
0.968249
0.970755
0.972125
0.973208
0.973205
0.973186
0.972809
0.972955
0.972903
0.972259
0.971438
0.970808
0.970556
0.970077
0.969236
0.949847
0.956735
0.941325
0.953779
0.953882
0.946594
0.920693
0.898586
0.875273
0.852796
0.860066
0.833160
0.785776
0.755771
0.751507
0.746981
0.745194
0.744809
0.744758
0.742900
0.744112
0.744971
0.744735
0.744707
0.744321
0.745255
0.744641
0.745592
0.746255
0.746923
0.749102
0.748876
0.748157
0.749087
0.749402
0.748341
0.748680
0.746385
0.742822
0.748019
0.744260
0.759735
0.782234
0.830525
0.827170
0.806711
0.809703
0.798714
0.799108
0.789646
0.751496
0.705981
0.669156
0.662148
0.631349
0.629013
0.596496
0.596278
0.601327
0.571625
0.558671
0.547171
0.549026
0.555332
0.565643
0.569130
0.556948
0.539905
0.524311
0.542965
0.533910
0.538023
0.548873
0.688048
0.844406
0.936327
0.947429
0.958883
0.964021
0.964864
0.963768
0.965850
0.965980
0.964612
0.964679
0.965008
0.965607
0.964913
0.965198
0.966124
0.967048
0.966563
0.966786
0.967062
0.967127
0.967033
0.967676
0.967104
0.962091
0.956057
0.951965
0.951720
0.949868
0.951880
0.952949
0.952535
0.955021
0.949056
0.960332
0.961079
0.956469
0.956997
0.958837
0.958129
0.955777
0.958039
0.957916
0.959659
0.960323
0.960597
0.962038
0.962614
0.961687
0.963274
0.963000
0.963244
0.964080
0.963285
0.964045
0.965347
0.964953
0.964692
0.964639
0.964083
0.965771
0.966356
0.966377
0.966960
0.967148
0.966643
0.966995
0.967332
0.968462
0.971163
0.972751
0.973346
0.972969
0.972984
0.972137
0.972432
0.972164
0.971706
0.971054
0.971093
0.970495
0.968731
0.961833
0.954316
0.950109
0.950787
0.953864
0.959946
0.957149
0.932595
0.892982
0.855438
0.837948
0.811774
0.796348
0.748535
0.773549
0.769966
0.779079
0.777456
0.775341
0.778578
0.779190
0.779960
0.782863
0.786438
0.787815
0.786154
0.789416
0.785990
0.785849
0.785298
0.784897
0.785199
0.786189
0.785027
0.785229
0.786410
0.787032
0.787013
0.785877
0.786655
0.775277
0.771500
0.773461
0.781518
0.800607
0.823439
0.821531
0.812552
0.797083
0.753072
0.751004
0.726108
0.690596
0.646816
0.642118
0.639559
0.632194
0.586593
0.568265
0.595669
0.565666
0.535390
0.555544
0.562085
0.564361
0.535126
0.530980
0.539493
0.543328
0.535359
0.550675
0.532296
0.542404
0.535833
0.542265
0.529307
0.529946
0.520845
0.507559
0.525895
0.530109
0.531245
0.533039
0.510541
0.526561
0.525657
0.546738
0.534227
0.523057
0.505906
0.520325
0.526359
0.516420
0.514916
0.523133
0.518765
0.520194
0.513938
0.520354
0.554050
0.560273
0.600185
0.748249
0.888066
0.942620
0.958816
0.962279
0.957681
0.961615
0.964311
0.964213
0.964327
0.965069
0.964378
0.964566
0.964643
0.965070
0.966087
0.965375
0.966089
0.966311
0.966120
0.966952
0.966382
0.967136
0.966603
0.967141
0.965025
0.952992
0.948717
0.945154
0.948602
0.950854
0.942471
0.950950
0.944718
0.955181
0.954036
0.953632
0.956376
0.955338
0.960787
0.957085
0.961292
0.954683
0.951810
0.956425
0.957001
0.962341
0.960635
0.961241
0.962260
0.961374
0.960615
0.960779
0.964276
0.964687
0.964178
0.963997
0.963224
0.963677
0.965155
0.964632
0.965362
0.964680
0.965822
0.965711
0.966176
0.966153
0.966526
0.966702
0.967424
0.968615
0.972168
0.974036
0.973357
0.973191
0.973334
0.972450
0.970140
0.970640
0.970044
0.969649
0.968859
0.968949
0.967305
0.944405
0.958718
0.957745
0.938799
0.933742
0.938374
0.910850
0.870864
0.880672
0.853119
0.792626
0.739016
0.719404
0.674532
0.653113
0.661105
0.581296
0.629078
0.652228
0.660358
0.668899
0.672163
0.670280
0.671948
0.673376
0.675080
0.680284
0.680290
0.682240
0.681932
0.683528
0.682958
0.683931
0.683277
0.684827
0.685079
0.685469
0.685249
0.685218
0.683548
0.683563
0.684725
0.685949
0.681166
0.664791
0.658733
0.654160
0.685647
0.729265
0.737305
0.700580
0.651881
0.618066
0.596980
0.628051
0.617085
0.628142
0.626739
0.578682
0.588674
0.610232
0.585600
0.576780
0.577918
0.562911
0.556037
0.549428
0.539261
0.515591
0.535790
0.558533
0.564112
0.534253
0.542900
0.536530
0.593104
0.718063
0.846558
0.915086
0.949479
0.957064
0.960242
0.958543
0.960812
0.964084
0.965490
0.965170
0.965920
0.966942
0.966194
0.965661
0.964981
0.964452
0.964343
0.963498
0.964386
0.964298
0.964103
0.964595
0.965729
0.966676
0.964457
0.952789
0.956591
0.948205
0.957520
0.950666
0.948721
0.945768
0.952359
0.956478
0.952229
0.954493
0.954616
0.957192
0.951553
0.957157
0.954065
0.959146
0.956464
0.959102
0.958247
0.960582
0.960287
0.960341
0.960728
0.961626
0.962418
0.963470
0.963390
0.962071
0.961049
0.962355
0.962586
0.964687
0.963896
0.964292
0.964559
0.964993
0.965121
0.964927
0.965452
0.965534
0.965737
0.965191
0.966619
0.968294
0.971396
0.973235
0.973146
0.972815
0.969904
0.968658
0.971207
0.970879
0.969982
0.968553
0.968604
0.967954
0.968460
0.965062
0.948257
0.943604
0.958842
0.924697
0.920891
0.897145
0.898959
0.838874
0.840073
0.805209
0.764528
0.728736
0.738986
0.758720
0.757985
0.765987
0.768704
0.768902
0.769557
0.767819
0.764790
0.766766
0.767837
0.766684
0.769194
0.766791
0.767932
0.766771
0.767082
0.768548
0.768813
0.766888
0.767175
0.767541
0.765352
0.764465
0.766806
0.767285
0.767841
0.755000
0.739995
0.776508
0.795188
0.816718
0.792156
0.774902
0.763784
0.750906
0.748672
0.718785
0.684414
0.684247
0.639639
0.625626
0.605909
0.590337
0.572568
0.580472
0.568108
0.564925
0.557545
0.555858
0.545015
0.554047
0.552664
0.546615
0.555824
0.544469
0.521774
0.518816
0.546235
0.540158
0.559864
0.534347
0.530109
0.534301
0.556590
0.558963
0.650334
0.809573
0.900342
0.939817
0.956507
0.962425
0.962795
0.964365
0.963237
0.964878
0.964235
0.964201
0.963452
0.963578
0.964547
0.965283
0.965364
0.965904
0.967084
0.967722
0.967805
0.967599
0.967242
0.967775
0.967392
0.965570
0.960667
0.951590
0.943877
0.950235
0.949359
0.945133
0.948373
0.946968
0.948989
0.952204
0.951460
0.954197
0.953845
0.956919
0.954142
0.956131
0.956286
0.952201
0.957821
0.953230
0.959936
0.960444
0.961267
0.961576
0.958269
0.961139
0.960808
0.962024
0.963348
0.962404
0.963402
0.963399
0.963809
0.963861
0.964869
0.964272
0.963355
0.964301
0.964653
0.965290
0.965296
0.966025
0.965723
0.966176
0.967485
0.968896
0.972785
0.973843
0.973850
0.971032
0.972635
0.972100
0.971712
0.970028
0.970003
0.968263
0.967166
0.968102
0.963467
0.938554
0.940999
0.945932
0.942289
0.900105
0.920179
0.898459
0.854391
0.794794
0.741278
0.746924
0.725696
0.772017
0.743288
0.731167
0.727775
0.720932
0.724717
0.722612
0.718784
0.718503
0.722979
0.723966
0.726935
0.726798
0.729074
0.726484
0.727647
0.729609
0.727812
0.728173
0.728521
0.728585
0.727446
0.726327
0.727408
0.728905
0.727973
0.728246
0.715669
0.723557
0.729812
0.738309
0.757931
0.794231
0.766325
0.755491
0.749833
0.715946
0.715638
0.695316
0.667991
0.617981
0.624713
0.640242
0.622337
0.611519
0.612907
0.580642
0.585813
0.579629
0.569273
0.549230
0.565031
0.579489
0.540742
0.564197
0.546203
0.532237
0.542536
0.541834
0.540859
0.510169
0.538336
0.534620
0.547179
0.547555
0.517352
0.520940
0.543661
0.672785
0.829567
0.908003
0.944848
0.960633
0.963375
0.964829
0.962529
0.961093
0.961379
0.964803
0.964620
0.963526
0.963801
0.964547
0.964930
