0.000000
0.977295
0.977200
0.977087
0.977108
0.977255
0.977336
0.977218
0.977235
0.977405
0.977328
0.977371
0.977433
0.977280
0.977196
0.977284
0.977253
0.977061
0.977089
0.977277
0.977095
0.977074
0.977080
0.976807
0.977055
0.977202
0.977118
0.977396
0.977743
0.977785
0.977777
0.977978
0.978045
0.978108
0.977784
0.978039
0.977955
0.977964
0.978060
0.978068
0.978006
0.978200
0.978024
0.978122
0.978111
0.978009
0.974886
0.972125
0.970479
0.967925
0.967154
0.968353
0.781092
0.952263
0.967040
0.966939
0.966463
0.967938
0.966898
0.968817
0.965368
0.965708
0.967223
0.966398
0.967478
0.968557
0.968193
0.968715
0.968495
0.969406
0.971077
0.971250
0.971087
0.972501
0.973348
0.973632
0.973809
0.974626
0.974691
0.975499
0.975546
0.976056
0.976163
0.976413
0.976673
0.976387
0.976517
0.977402
0.977398
0.977435
0.978735
0.979504
0.979848
0.979436
0.979557
0.976309
0.978896
0.978577
0.978768
0.978900
0.978102
0.977766
0.977929
0.974754
0.977017
0.974296
0.971622
0.967335
0.965106
0.966249
0.956528
0.945366
0.948429
0.954869
0.956481
0.956439
0.955685
0.955081
0.955264
0.954280
0.953781
0.953700
0.953155
0.952884
0.952532
0.951760
0.951352
0.951459
0.951068
0.951493
0.951332
0.951171
0.951131
0.951199
0.951028
0.951308
0.950934
0.950474
0.950332
0.950298
0.950351
0.950492
0.950605
0.950515
0.951071
0.952002
0.952771
0.954186
0.955269
0.956235
0.956102
0.956994
0.957664
0.957530
0.956925
0.956369
0.955368
0.954885
0.953919
0.953598
0.952876
0.951900
0.951462
0.948700
0.947718
0.948875
0.950586
0.950231
0.951757
0.951853
0.951367
0.952026
0.953856
0.954442
0.950087
0.948688
0.948325
0.946970
0.942534
0.935854
0.934021
0.936253
0.937761
0.932794
0.929018
0.926398
0.918029
0.913211
0.909035
0.905887
0.895864
0.887254
0.882549
0.879474
0.874518
0.864871
0.860319
0.863009
0.859628
0.855985
0.850856
0.840508
0.841348
0.830078
0.821577
0.822645
0.819924
0.808817
0.802234
0.805673
0.797991
0.796073
0.792213
0.780928
0.780743
0.778387
0.765694
0.741783
0.745617
0.741834
0.756475
0.755540
0.750727
0.747251
0.752419
0.731698
0.729235
0.721995
0.713317
0.713931
0.721911
0.734927
0.718295
0.715472
0.699918
0.696428
0.682782
0.688439
0.680509
0.683641
0.683229
0.682953
0.678434
0.673360
0.670817
0.676179
0.670596
0.662265
0.649029
0.646374
0.650334
0.650247
0.637993
0.639366
0.644692
0.632650
0.632448
0.631073
0.637882
0.633679
0.627681
0.619064
0.618935
0.609737
0.624596
0.618278
0.613671
0.622594
0.614231
0.622121
0.627099
0.622461
0.619516
0.610662
0.601712
0.608561
0.603762
0.613779
0.613144
0.614092
0.615556
0.620385
0.620034
0.613534
0.604559
0.600989
0.623918
0.610937
0.616939
0.614566
0.611880
0.617070
0.614527
0.609850
0.611050
0.615929
0.606656
0.612298
0.615478
0.619225
0.608038
0.609785
0.621334
0.611886
0.618931
0.608304
0.607603
0.613883
0.617032
0.610559
0.607013
0.602710
0.587890
0.597016
0.584808
0.590097
0.594488
0.590441
0.596702
0.595248
0.610865
0.604621
0.605838
0.606051
0.612288
0.604501
0.608890
0.615459
0.625364
0.628833
0.629990
0.622794
0.614464
0.613697
0.616970
0.605352
0.598614
0.600228
0.594567
0.593734
0.590168
0.586216
0.596009
0.594511
0.592172
0.616541
0.615051
0.606344
0.612711
0.616048
0.613666
0.614660
0.610050
0.616827
0.616233
0.611264
0.600278
0.604026
0.600235
0.591520
0.579892
0.584230
0.584126
0.587723
0.588573
0.585869
0.580864
0.588166
0.589837
0.582743
0.578399
0.584719
0.584603
0.582772
0.569978
0.566064
0.560918
0.583158
0.584704
0.588388
0.573766
0.565641
0.571878
0.575245
0.566545
0.570392
0.573535
0.574583
0.572298
0.570341
0.564745
0.560607
0.559848
0.559274
0.567022
0.574997
0.573128
0.574959
0.573529
0.577371
0.569466
0.570788
0.571470
0.582330
0.584239
0.589537
0.589915
0.576574
0.582399
0.582965
0.577424
0.581347
0.588482
0.591169
0.584651
0.586886
0.585758
0.591077
0.576367
0.573576
0.569149
0.570397
0.574754
0.564603
0.563513
0.567749
0.572208
0.571106
0.576510
0.570975
0.563599
0.566590
0.572984
0.574261
0.568855
0.565076
0.571231
0.572396
0.572839
0.573235
0.572276
0.568588
0.571932
0.579255
0.583010
0.592882
0.594727
0.595558
0.589306
0.597737
0.604913
0.614366
0.604690
0.612136
0.613137
0.611694
0.604114
0.605927
0.610751
0.606582
0.599055
0.606345
0.598483
0.598453
0.593766
0.583861
0.586369
0.586954
0.595615
0.597881
0.598221
0.593319
0.592352
0.580798
0.578607
0.591044
0.578718
0.576894
0.569316
0.579823
0.583061
0.585768
0.579751
0.575239
0.578825
0.591054
0.587374
0.580328
0.576248
0.573670
0.574615
0.569125
0.567111
0.569744
0.572602
0.572400
0.567168
0.571151
0.570905
0.570622
0.573075
0.570245
0.560370
0.564779
0.576544
0.588854
0.614832
0.628970
0.641505
0.671235
0.690498
0.717349
0.733090
0.758169
0.783007
0.806022
0.828542
0.862023
0.877650
0.890570
0.908460
0.923180
0.931665
0.943693
0.951231
0.956100
0.958113
0.960628
0.962060
0.963856
0.964914
0.965359
0.966382
0.968637
0.971078
0.971945
0.972302
0.972574
0.972215
0.972301
0.972333
0.972841
0.973736
0.974321
0.974903
0.974916
0.975323
0.975154
0.975332
0.976334
0.976489
0.919265
0.836737
0.970845
0.971002
0.971132
0.972113
0.969522
0.970067
0.970476
0.971225
0.970886
0.970440
0.969964
0.969035
0.969701
0.968710
0.968093
0.970307
0.970236
0.969772
0.969355
0.971359
0.971696
0.971936
0.973617
0.974057
0.974247
0.975212
0.975165
0.975458
0.975872
0.976583
0.976976
0.977046
0.977551
0.977487
0.978496
0.978454
0.978496
0.978744
0.979138
0.979120
0.979194
0.979266
0.980188
0.980588
0.980856
0.980415
0.980750
0.980321
0.979997
0.979909
0.979874
0.979911
0.979707
0.980007
0.979772
0.978998
0.978878
0.976730
0.965863
0.959187
0.959842
0.960284
0.919844
0.861818
0.804659
0.786587
0.738945
0.738270
0.702278
0.646269
0.693595
0.778100
0.711478
0.699558
0.702288
0.701316
0.705469
0.710510
0.711422
0.709394
0.710495
0.706879
0.705953
0.705123
0.701289
0.701664
0.696919
0.697069
0.699153
0.700020
0.700436
0.699918
0.699717
0.701931
0.702969
0.703374
0.702391
0.701894
0.701481
0.701088
0.701933
0.700376
0.701495
0.698551
0.697652
0.697891
0.701060
0.698732
0.703060
0.706012
0.704569
0.704754
0.706014
0.707392
0.704397
0.702030
0.699255
0.700867
0.700554
0.700652
0.700913
0.703708
0.704666
0.704729
0.707693
0.705258
0.707063
0.707778
0.704313
0.707005
0.710468
0.712751
0.714062
0.716563
0.718004
0.723083
0.728180
0.722895
0.720192
0.720584
0.719949
0.718914
0.725000
0.726210
0.728870
0.729889
0.732358
0.736582
0.739860
0.738864
0.739149
0.744177
0.744099
0.740626
0.742780
0.746946
0.747907
0.753290
0.749893
0.756544
0.743370
0.743033
0.732151
0.733708
0.732535
0.728056
0.731449
0.728509
0.727183
0.725669
0.726386
0.719179
0.710794
0.710065
0.715518
0.720647
0.711385
0.706406
0.701801
0.701709
0.701416
0.692277
0.681184
0.679930
0.686351
0.687138
0.687924
0.695892
0.681020
0.674701
0.653194
0.647231
0.647465
0.643953
0.647311
0.647238
0.655574
0.645267
0.654545
0.662111
0.652987
0.660380
0.661757
0.648208
0.654067
0.642016
0.645451
0.648918
0.650371
0.661030
0.656967
0.647388
0.641139
0.646435
0.641514
0.627724
0.621267
0.621678
0.620562
0.619058
0.624304
0.628283
0.641756
0.622818
0.619025
0.620711
0.621059
0.626209
0.627690
0.620290
0.625968
0.625587
0.630430
0.639787
0.624290
0.622969
0.620147
0.606083
0.612338
0.605845
0.600241
0.604715
0.602468
0.608928
0.601743
0.595180
0.601302
0.592927
0.589751
0.582826
0.577087
0.579532
0.578574
0.582051
0.590944
0.582853
0.587485
0.588454
0.586187
0.583133
0.591305
0.579943
0.577934
0.576420
0.578228
0.576852
0.566430
0.564989
0.565065
0.564921
0.574399
0.574828
0.575225
0.571958
0.580771
0.584447
0.576799
0.583241
0.586515
0.601797
0.594688
0.586933
0.599560
0.600753
0.598292
0.596928
0.600604
0.610584
0.604988
0.611518
0.604202
0.601293
0.607482
0.608908
0.598102
0.602034
0.596834
0.595188
0.599045
0.606841
0.596669
0.595035
0.610816
0.605014
0.606366
0.596857
0.595344
0.586954
0.599448
0.600017
0.599201
0.599258
0.598322
0.607854
0.604148
0.595326
0.587767
0.594959
0.586244
0.581043
0.583708
0.571752
0.567750
0.570067
0.564102
0.574163
0.574986
0.577623
0.568745
0.577911
0.575201
0.574288
0.578717
0.581378
0.583088
0.583725
0.581661
0.584189
0.578125
0.579234
0.570898
0.560389
0.573684
0.573601
0.579937
0.575726
0.575948
0.591193
0.590067
0.578363
0.576885
0.577420
0.578035
0.591202
0.610013
0.628944
0.661695
0.675532
0.694340
0.715891
0.741254
0.755783
0.775824
0.800634
0.813917
0.836745
0.855704
0.870434
0.890324
0.907201
0.914672
0.919305
0.924870
0.931605
0.938766
0.947314
0.954716
0.958892
0.961567
0.962352
0.964201
0.967304
0.970455
0.971136
0.971991
0.973307
0.973352
0.973748
0.973357
0.975082
0.975746
0.975879
0.975959
0.975879
0.975520
0.974903
0.974620
0.974915
0.974813
0.976562
0.975148
0.964761
0.964835
0.530636
0.819029
0.636317
0.964355
0.971415
0.970596
0.969148
0.971037
0.969166
0.970163
0.969886
0.969091
0.969325
0.970330
0.967960
0.969629
0.970085
0.969771
0.969200
0.970415
0.969703
0.971217
0.971751
0.972894
0.972566
0.974221
0.973858
0.975005
0.975204
0.975496
0.976070
0.976453
0.976282
0.976389
0.976923
0.977704
0.977437
0.978038
0.978420
0.977700
0.978243
0.978660
0.980113
0.980380
0.980529
0.980440
0.980474
0.980273
0.979981
0.979994
0.980103
0.979694
0.979442
0.979422
0.979297
0.978643
0.966089
0.943023
0.913057
0.870156
0.858380
0.828582
0.813051
0.828783
0.770677
0.730573
0.759304
0.771597
0.693906
0.669876
0.695686
0.713015
0.718308
0.717488
0.716338
0.711424
0.713804
0.715881
0.718659
0.720799
0.717503
0.721783
0.719605
0.720441
0.719725
0.717783
0.719295
0.720123
0.717297
0.716879
0.717419
0.717105
0.717087
0.717046
0.717261
0.717972
0.716967
0.717205
0.718474
0.718080
0.718500
0.720015
0.719195
0.717794
0.718160
0.714309
0.714120
0.714278
0.713372
0.711453
0.708327
0.711809
0.712108
0.711853
0.715352
0.715491
0.716021
0.718242
0.715350
0.709331
0.709482
0.713569
0.707399
0.708235
0.707590
0.708304
0.700979
0.697547
0.697300
0.694810
0.702760
0.697538
0.695422
0.699979
0.701780
0.699586
0.697774
0.699243
0.708546
0.712969
0.718367
0.726648
0.718132
0.719821
0.717902
0.720905
0.720068
0.725922
0.730867
0.734597
0.726116
0.725872
0.724146
0.735765
0.728562
0.733732
0.740790
0.736555
0.732985
0.727453
0.726254
0.712645
0.711865
0.720908
0.718958
0.703571
0.707592
0.707441
0.706902
0.716018
0.702896
0.709008
0.714310
0.698374
0.691475
0.686914
0.693259
0.683830
0.679548
0.674921
0.685935
0.686108
0.690838
0.685309
0.680885
0.669278
0.670868
0.672304
0.674425
0.670206
0.666434
0.657409
0.666587
0.670117
0.652171
0.644328
0.643511
0.634455
0.637776
0.638266
0.631072
0.634379
0.636948
0.624763
0.627494
0.638094
0.629812
0.638242
0.646648
0.648731
0.647832
0.661772
0.657495
0.648645
0.642290
0.646154
0.640647
0.644858
0.649112
0.647732
0.628624
0.627069
0.629305
0.627102
0.625742
0.627556
0.619912
0.626739
0.633912
0.636535
0.638968
0.630066
0.634614
0.627223
0.629031
0.627826
0.625040
0.624810
0.614827
0.621080
0.621935
0.626957
0.612489
0.609048
0.611839
0.618407
0.611982
0.614937
0.599383
0.594018
0.596547
0.600576
0.602162
0.595897
0.597306
0.588328
0.589559
0.586603
0.590849
0.584515
0.594826
0.585597
0.581886
0.588520
0.589997
0.580879
0.578302
0.589642
0.592234
0.591433
0.593737
0.576694
0.578306
0.575929
0.584405
0.573138
0.568190
0.566982
0.575860
0.564072
0.559768
0.553390
0.545339
0.559386
0.559843
0.562035
0.558233
0.553065
0.552697
0.560153
0.560964
0.561877
0.557008
0.545562
0.557164
0.551054
0.559607
0.570979
0.562177
0.561377
0.569047
0.582283
0.578960
0.571039
0.571248
0.589730
0.596737
0.586728
0.596086
0.586197
0.576905
0.582516
0.581743
0.597216
0.594311
0.586043
0.597795
0.594242
0.603156
0.600914
0.608907
0.616780
0.609468
0.606423
0.610204
0.603017
0.609570
0.597741
0.590783
0.596949
0.586627
0.594282
0.583015
0.585889
0.590054
0.601032
0.593098
0.602229
0.592708
0.583940
0.591375
0.586869
0.588320
0.575962
0.584292
0.578774
0.578228
0.571524
0.572833
0.556313
0.563414
0.564085
0.559531
0.565498
0.576835
0.576806
0.569233
0.563257
0.569309
0.549932
0.549599
0.550469
0.553533
0.560645
0.546893
0.544954
0.542070
0.553064
0.557050
0.555023
0.553736
0.552822
0.549666
0.552711
0.556265
0.547270
0.545730
0.554999
0.560246
0.554133
0.566595
0.567162
0.581266
0.580375
0.566308
0.568995
0.570506
0.551815
0.571588
0.566438
0.571527
0.572070
0.561243
0.564436
0.555109
0.566174
0.565363
0.568791
0.578403
0.574138
0.569541
0.569287
0.577394
0.565429
0.563710
0.567217
0.566083
0.575713
0.563359
0.568897
0.574449
0.605158
0.625336
0.645123
0.670139
0.703789
0.721026
0.742187
0.763457
0.783250
0.806770
0.824518
0.847072
0.865476
0.882523
0.900134
0.918932
0.927799
0.936452
0.942586
0.948331
0.955003
0.957906
0.957432
0.961532
0.964697
0.968377
0.970708
0.971282
0.970349
0.970877
0.972862
0.973690
0.973945
0.973818
0.973881
0.973889
0.973972
0.974003
0.973800
0.974016
0.973931
0.973492
0.973696
0.973419
0.973835
0.974848
0.970137
0.967835
0.967309
0.968507
0.969478
0.969410
0.969233
0.968042
0.966058
0.967388
0.967178
0.967385
0.966599
0.967332
0.967187
0.965705
0.966596
0.966139
0.967036
0.966938
0.964803
0.968125
0.968878
0.967835
0.967807
0.969011
0.969382
0.968652
0.971051
0.971135
0.970779
0.971712
0.972401
0.972503
0.973099
0.973625
0.973383
0.973751
0.974219
0.974601
0.974521
0.975162
0.975328
0.976321
0.977033
0.977172
0.977684
0.976812
0.976955
0.976885
0.976560
0.976353
0.975487
0.975809
0.975400
0.974662
0.973762
0.974335
0.977270
0.973845
0.975405
0.961297
0.955665
0.911442
0.878235
0.755879
0.708172
0.694009
0.707566
0.730771
0.677667
0.713463
0.667556
0.678775
0.689552
0.686780
0.686633
0.687277
0.685638
0.685349
0.682366
0.680692
0.682178
0.683266
0.687228
0.687240
0.688597
0.689201
0.692117
0.691639
0.691093
0.693324
0.693806
0.693812
0.693782
0.694649
0.695495
0.694789
0.694534
0.694840
0.695320
0.696224
0.690248
0.687753
0.684300
0.684131
0.682741
0.682379
0.685328
0.692018
0.693452
0.688566
0.688330
0.690076
0.692963
0.695077
0.693508
0.689109
0.684944
0.681955
0.687209
0.686083
0.690639
0.690638
0.690417
0.688249
0.689073
0.690436
0.685158
0.678821
0.679116
0.676525
0.678464
0.680650
0.682289
0.683171
0.685451
0.685654
0.681464
0.678033
0.682444
0.685375
0.689145
0.692502
0.703692
0.707073
0.701582
0.704492
0.698579
0.694349
0.688377
0.682596
0.695112
0.696985
0.706077
0.703595
0.703410
0.699702
0.704675
0.705384
0.709734
0.705024
0.696692
0.703989
0.705957
0.703525
0.692037
0.690500
0.700537
0.703038
0.702952
0.694058
0.692687
0.683998
0.690446
0.687581
0.688015
0.684091
0.691412
0.689738
0.691956
0.688486
0.685877
0.674903
0.677324
0.668219
0.665390
0.661436
0.654975
0.661322
0.657914
0.651281
0.667238
0.667850
0.665240
0.659764
0.653996
0.654575
0.656342
0.654384
0.656169
0.649572
0.643892
0.647394
0.646512
0.647427
0.652638
0.643927
0.647819
0.641128
0.643351
0.633076
0.638818
0.646434
0.639335
0.636967
0.634504
0.629484
0.631453
0.629631
0.621510
0.624847
0.629729
0.608892
0.606536
0.608087
0.614023
0.602057
0.603000
0.611610
0.615361
0.609485
0.605718
0.605586
0.609577
0.601683
0.596473
0.597638
0.591569
0.595273
0.595621
0.590104
0.591805
0.591808
0.603904
0.597747
0.595284
0.602015
0.602314
0.602452
0.588006
0.591862
0.602379
0.608266
0.600839
0.599938
0.604602
0.603760
0.596377
0.603039
0.599220
0.590016
0.597425
0.594865
0.599053
0.594784
0.599157
0.592988
0.594037
0.586316
0.595879
0.593478
0.587045
0.591395
0.592372
0.594821
0.600950
0.587411
0.593499
0.591284
0.588532
0.582647
0.593431
0.582374
0.571361
0.570406
0.583449
0.572130
0.564204
0.573962
0.571324
0.571790
0.580127
0.576500
0.584462
0.584344
0.579925
0.587950
0.591191
0.590667
0.590887
0.582725
0.593766
0.599968
0.602599
0.600216
0.594397
0.601474
0.599787
0.595558
0.603912
0.601758
0.595370
0.593085
0.595721
0.597677
0.592795
0.589119
0.596839
0.591076
0.591716
0.592796
0.582747
0.589344
0.578821
0.568833
0.575291
0.580869
0.579270
0.572731
0.564795
0.578184
0.571171
0.582495
0.582988
0.574772
0.561933
0.558864
0.565317
0.577866
0.578817
0.575120
0.577830
0.579426
0.567260
0.567988
0.565425
0.565141
0.560501
0.564888
0.569545
0.572692
0.577139
0.565214
0.573192
0.580166
0.586389
0.587453
0.587808
0.582704
0.583090
0.584641
0.581288
0.579072
0.571518
0.569690
0.574218
0.596690
0.627904
0.648678
0.682075
0.698770
0.723509
0.742717
0.765425
0.784302
0.808723
0.824673
0.845438
0.867559
0.882774
0.899574
0.915093
0.929585
0.936811
0.943296
0.950949
0.956772
0.961157
0.961298
0.963614
0.967273
0.969392
0.972196
0.970696
0.971891
0.971970
0.973644
0.973436
0.973163
0.974061
0.974400
0.975117
0.975354
0.975115
0.975068
0.975699
0.975675
0.975703
0.975874
0.976130
0.977105
0.972874
0.968976
0.970131
0.971236
0.970588
0.972419
0.971764
0.970104
0.970538
0.970658
0.968788
0.970237
0.968466
0.969169
0.967549
0.969636
0.968454
0.968215
0.968383
0.969978
0.969979
0.969644
0.970151
0.970616
0.972194
0.971929
0.972405
0.972355
0.973524
0.974019
0.974425
0.975059
0.974548
0.974977
0.975869
0.976211
0.976111
0.976338
0.977093
0.977351
0.977378
0.977777
0.977598
0.978562
0.980055
0.980603
0.980395
0.980282
0.980362
0.980120
0.980000
0.980044
0.979571
0.979219
0.979134
0.978710
0.978943
0.978645
0.978715
0.977383
0.975960
0.970767
0.931163
0.924426
0.877541
0.784475
0.737014
0.707308
0.759752
0.752592
0.732835
0.724075
0.726591
0.724808
0.726636
0.718113
0.716324
0.715174
0.716815
0.719071
0.723111
0.723364
0.725443
0.725112
0.723393
0.721863
0.721201
0.720895
0.718881
0.719487
0.716476
0.715970
0.717598
0.720228
0.716845
0.717436
0.716974
0.716641
0.717024
0.718213
0.716837
0.721024
0.722797
0.724660
0.724520
0.724432
0.721545
0.720766
0.719183
0.718089
0.717949
0.715987
0.714949
0.719840
0.721948
0.721183
0.722059
0.721019
0.722512
0.725351
0.725059
0.722511
0.720773
0.726467
0.726098
0.722193
0.720521
0.719164
0.720922
0.725185
0.727729
0.728719
0.728953
0.729629
0.730163
0.730818
0.734856
0.736045
0.740929
0.733818
0.732624
0.731182
0.722554
0.718647
0.708431
0.713687
0.721212
0.722495
0.719746
0.723336
0.725525
0.728940
0.728810
0.726186
0.725940
0.735635
0.737907
0.734361
0.743141
0.744114
0.739366
0.738640
0.741936
0.731556
0.732725
0.737345
0.738570
0.729354
0.725259
0.722933
0.719986
0.711389
0.710231
0.708633
0.707821
0.702226
0.688062
0.692659
0.700229
0.703618
0.697052
0.696848
0.700248
0.694502
0.680732
0.681490
0.691737
0.692594
0.687380
0.686211
0.685607
0.692408
0.690985
0.678566
0.666857
0.660510
0.665110
0.656195
0.665946
0.655082
0.655807
0.645862
0.639488
0.642638
0.638264
0.638114
0.628675
0.619081
0.628610
0.630164
0.631277
0.631031
0.647696
0.638359
0.625068
0.624810
0.629787
0.620021
0.617558
0.626393
0.629178
0.631845
0.624329
0.619402
0.628709
0.623117
0.617255
0.608492
0.612049
0.610265
0.605055
0.609636
0.598964
0.597842
0.598906
0.600762
0.602515
0.601673
0.609898
0.621186
0.606709
0.604172
0.607571
0.605174
0.596926
0.596626
0.600493
0.602581
0.599151
0.601211
0.602191
0.603039
0.598862
0.594931
0.591209
0.589405
0.587492
0.586712
0.591665
0.586707
0.592175
0.590799
0.586924
0.578258
0.586504
0.584777
0.585606
0.582442
0.584799
0.579343
0.586103
0.593858
0.590769
0.585671
0.582286
0.585134
0.589414
0.591979
0.600392
0.597719
0.615254
0.598034
0.595644
0.589286
0.588709
0.587931
0.595961
0.592832
0.597608
0.601955
0.584328
0.589347
0.593713
0.596488
0.594450
0.579215
0.578878
0.569409
0.578648
0.580264
0.578881
0.586880
0.590411
0.586385
0.594448
0.596137
0.616778
0.633940
0.663453
0.683241
0.700609
0.705917
0.723019
0.735180
0.757339
0.790345
0.806839
0.827841
0.851903
0.873012
0.884399
0.900192
0.907962
0.917387
0.933211
0.940719
0.944940
0.949294
0.953303
0.958145
0.961864
0.961939
0.961918
0.962213
0.963304
0.962847
0.964829
0.966128
0.968922
0.970854
0.971489
0.971923
0.972123
0.972313
0.972766
0.972864
0.973222
0.972945
0.973346
0.973194
0.973466
0.973680
0.973345
0.974267
0.969757
0.822470
0.949097
0.972116
0.971900
0.970523
0.971798
0.971426
0.972319
0.971041
0.970012
0.970689
0.967647
0.969487
0.966626
0.968441
0.969647
0.969115
0.968492
0.967963
0.969387
0.969541
0.969832
0.970681
0.971142
0.971381
0.971037
0.972280
0.972717
0.972701
0.973892
0.974172
0.975035
0.974749
0.975397
0.975239
0.975988
0.976542
0.976231
0.976466
0.976970
0.977152
0.977939
0.977611
0.978205
0.979728
0.980171
0.980549
0.980509
0.980910
0.980461
0.980185
0.980407
0.979930
0.979319
0.979061
0.979128
0.978925
0.978514
0.978175
0.977953
0.973635
0.958898
0.943215
0.943786
0.927119
0.875676
0.771986
0.794364
0.738589
0.773867
0.715262
0.695149
0.683021
0.676076
0.675656
0.680001
0.683607
0.684259
0.685103
0.687449
0.687603
0.689652
0.689378
0.690757
0.694104
0.694515
0.695943
0.697687
0.698234
0.698259
0.698304
0.699037
0.700483
0.701330
0.702622
0.704009
0.704222
0.704340
0.704898
0.701528
0.698382
0.696001
0.695599
0.691610
0.689542
0.689413
0.684597
0.685455
0.681839
0.681813
0.683011
0.681458
0.679544
0.679400
0.678782
0.680151
0.679152
0.679997
0.682565
0.680738
0.685254
0.690582
0.693323
0.689426
0.687954
0.688431
0.684197
0.685989
0.689615
0.692328
0.691886
0.695053
0.699395
0.703849
0.708083
0.709763
0.708886
0.709953
0.712300
0.721728
0.724130
0.718105
0.726078
0.735029
0.739037
0.736651
0.742210
0.744310
0.742692
0.749109
0.751599
0.750487
0.746289
0.748862
0.740691
0.737869
0.730808
0.737128
0.743638
0.748076
0.756028
0.761979
0.753619
0.757316
0.745247
0.755207
0.761926
0.751652
0.744853
0.728650
0.717561
0.710332
0.708808
0.702824
0.697199
0.684845
0.691766
0.690820
0.683600
0.673131
0.657076
0.662311
0.668332
0.687055
0.684557
0.680697
0.675869
0.667984
0.650380
0.648048
0.638926
0.641472
0.629540
0.639745
0.632699
0.640581
0.633205
0.636788
0.630725
0.639033
0.636553
0.633142
0.629776
0.620992
0.615011
0.621562
0.618591
0.610640
0.596336
0.602524
0.602774
0.604614
0.600310
0.603914
0.595020
0.600594
0.591795
0.599218
0.601112
0.608813
0.599672
0.605866
0.615782
0.615843
0.603765
0.602025
0.596059
0.591760
0.588880
0.588158
0.592983
0.586984
0.599374
0.590585
0.583157
0.578681
0.571735
0.579647
0.590814
0.587252
0.593231
0.593339
0.596854
0.602083
0.597755
0.587320
0.587996
0.585707
0.590183
0.588036
0.607604
0.597288
0.598681
0.607431
0.601653
0.603138
0.597000
0.599972
0.609331
0.602234
0.600991
0.613302
0.611634
0.610592
0.609839
0.604337
0.599017
0.602981
0.593865
0.604767
0.612791
0.605958
0.594786
0.577359
0.590763
0.594796
0.595619
0.599393
0.595474
0.592267
0.584562
0.579136
0.584808
0.568686
0.568611
0.582489
0.563119
0.566827
0.556639
0.549171
0.550118
0.549564
0.559010
0.557976
0.546021
0.555336
0.547868
0.538700
0.547353
0.545207
0.559364
0.550366
0.554076
0.557240
0.557540
0.554425
0.557271
0.564100
0.568432
0.564613
0.559424
0.574222
0.563004
0.567208
0.578176
0.566928
0.560885
0.570526
0.586464
0.571981
0.575500
0.575906
0.576345
0.578208
0.578110
0.580787
0.573854
0.586462
0.580419
0.578409
0.581714
0.579446
0.576890
0.582755
0.582558
0.582397
0.578307
0.561814
0.564631
0.571804
0.579025
0.585786
0.608066
0.621120
0.635158
0.651217
0.677632
0.689983
0.706026
0.717748
0.739834
0.751331
0.761880
0.775085
0.787621
0.800073
0.812245
0.828133
0.838513
0.856985
0.866993
0.871201
0.881340
0.887192
0.889294
0.892562
0.896864
0.896033
0.898202
0.903793
0.906264
0.907204
0.908812
0.914195
0.916497
0.918367
0.923901
0.926734
0.927616
0.928490
0.928770
0.928782
0.929223
0.929955
0.931900
0.931960
0.929884
0.930538
0.930648
0.929790
0.932289
0.933795
0.932224
0.934480
0.933963
0.932791
0.934061
0.934582
0.934691
0.934778
0.935454
0.935014
0.936114
0.935111
0.935189
0.935061
0.934513
0.935947
0.936297
0.937006
0.937575
0.938278
0.937701
0.937667
0.938094
0.938460
0.938138
0.937996
0.938164
0.938317
0.938258
0.938268
0.938479
0.938281
0.938454
0.938396
0.938334
0.938384
0.938249
0.938312
0.938304
0.938256
0.938465
0.938580
0.938370
0.938475
0.938346
0.938492
0.938481
0.938214
0.938036
0.938259
0.938373
0.938133
0.937447
0.937703
0.937703
0.938039
0.937885
0.938178
0.937965
0.938084
0.938178
0.938062
0.938193
0.938039
0.937984
0.938058
0.938082
0.937953
0.937804
0.938254
0.938294
0.938220
0.938026
0.937754
0.937945
0.937840
0.938017
0.937698
0.938316
0.937961
0.938066
0.938282
0.937633
0.938157
0.937775
0.937823
0.938095
0.937503
0.937990
0.937788
0.937935
0.937495
0.937685
0.938186
0.938434
0.937755
0.937893
0.938220
0.938072
0.938515
0.938474
0.938495
0.938539
0.938383
0.938408
0.938445
0.938587
0.938496
0.938488
0.938550
0.938657
0.938600
0.938551
0.938178
0.938265
0.938618
0.938687
0.938395
0.938353
0.938389
0.938837
0.939101
0.938576
0.938774
0.938853
0.939011
0.938868
0.938943
0.939031
0.939112
0.938637
0.938937
0.938965
0.938939
0.938939
0.938879
0.938790
0.938638
0.938735
0.938748
0.938828
0.938752
0.938906
0.938549
0.938607
0.938800
0.938774
0.938742
0.938883
0.939112
0.938704
0.938829
0.939080
0.939019
0.939089
0.938968
0.938880
0.939091
0.938926
0.938864
0.938915
0.938744
0.938987
0.938801
0.938823
0.938984
0.938848
0.938922
0.938467
0.938872
0.938800
0.938748
0.938755
0.938934
0.938798
0.938842
0.938945
0.938897
0.938912
0.938924
0.938634
0.938774
0.938801
0.939188
0.938627
0.939284
0.939357
0.939299
0.939201
0.939162
0.939208
0.938996
0.938815
0.939252
0.938957
0.938973
0.938958
0.938934
0.938945
0.938936
0.938690
0.938678
0.938723
0.938636
0.938672
0.938686
0.938700
0.938564
0.938747
0.939200
0.938796
0.938583
0.938741
0.938745
0.939038
0.938894
0.938881
0.938634
0.938690
0.938640
0.938595
0.938539
0.938640
0.938807
0.938863
0.939057
0.938731
0.938923
0.938736
0.939022
0.938611
0.939170
0.939150
0.939138
0.939247
0.938838
0.938884
0.939015
0.939210
0.939074
0.939225
0.938857
0.939326
0.939138
0.939222
0.939182
0.938923
0.938858
0.938845
0.939286
0.939285
0.939080
0.939294
0.939450
0.938919
0.938974
0.939163
0.939103
0.939288
0.939109
0.939280
0.939152
0.939057
0.938542
0.939014
0.938854
0.938748
0.938173
0.938856
0.939015
0.939194
0.938927
0.939018
0.939334
0.939299
0.939288
0.939101
0.939066
0.938974
0.938952
0.938996
0.939000
0.938884
0.938867
0.939330
0.938772
0.939112
0.938977
0.938796
0.939053
0.939108
0.939008
0.939148
0.939338
0.939419
0.939216
0.939015
0.939178
0.939380
0.939145
0.939287
0.939102
0.939404
0.939362
0.939284
0.939454
0.939278
0.939524
0.939712
0.940010
0.940107
0.940013
0.940058
0.939979
0.939915
0.940025
0.939775
0.939759
0.939888
0.939626
0.939536
0.939519
0.939521
0.939565
0.939423
0.939404
0.939227
0.939458
0.939360
0.939491
0.939400
0.939660
0.939498
0.939503
0.939494
0.939492
0.939215
0.939494
0.939224
0.939249
0.939190
0.939346
0.939367
0.939252
0.939362
0.939526
0.939435
0.939381
0.939391
0.939523
0.939628
0.939468
0.939422
0.939578
0.939437
0.939510
0.939338
0.939102
0.939118
0.939266
0.939178
0.938922
0.938750
0.939009
0.938861
0.938749
0.939082
0.939003
0.939232
0.939060
0.938872
0.939141
0.938548
0.939208
0.938754
0.939243
0.939205
0.939284
0.939295
0.939229
0.939339
0.939133
0.938736
0.939000
0.939190
0.939134
0.939132
0.939541
0.939426
0.939091
0.939399
0.939497
0.939534
0.939602
0.939567
0.939607
0.939287
0.939195
0.939615
0.939457
0.939503
0.939733
0.939843
0.939900
0.939670
0.939617
0.939416
0.939464
0.939541
0.939546
0.939533
0.939605
0.939637
0.939590
0.939885
0.939884
0.939753
0.939688
0.939829
0.939996
0.939796
0.939817
0.939820
0.939939
0.939749
0.939720
0.939942
0.939681
0.939654
0.939651
0.939895
0.939788
0.939741
0.939769
0.939961
0.939671
0.939744
0.939733
0.939877
0.939922
0.939704
0.939667
0.939537
0.939573
0.939714
0.939521
0.939830
0.939464
0.939615
0.939523
0.939477
0.939137
0.939379
0.939415
0.939714
0.939469
0.939942
0.939667
0.939637
0.939883
0.939491
0.939500
0.939416
0.939624
0.939676
0.939768
0.940011
0.939986
0.939752
0.939785
0.939716
0.939854
0.939757
0.939812
0.939803
0.939637
0.939873
0.939922
0.939843
0.939954
0.940014
0.939690
0.939910
0.939847
0.939975
0.939989
0.939929
0.940123
0.940204
0.939902
0.939720
0.939965
0.940102
0.939686
0.939766
0.939916
0.939843
0.940007
0.939854
0.939850
0.939845
0.940097
0.939914
0.939768
0.939876
0.939981
0.939775
0.939887
0.939918
0.939690
0.940079
0.940130
0.940030
0.940020
0.940040
0.939930
0.939717
0.939666
0.939710
0.939765
0.939902
0.939974
0.939844
0.939954
0.940057
0.940124
0.939803
0.940034
0.939994
0.939947
0.940129
0.940132
0.940114
0.940023
0.939833
0.939882
0.940060
0.940039
0.939954
0.940022
0.940302
0.940022
0.940258
0.940093
0.940359
0.940177
0.940278
0.940308
0.940294
0.940153
0.940274
0.940323
0.940308
0.940255
0.940257
0.940313
0.940057
0.939972
0.940299
0.940044
0.940267
0.940321
0.940490
0.940334
0.940642
0.940295
0.940178
0.940137
0.940075
0.940477
0.940307
0.940414
0.940181
0.940416
0.940310
0.940228
0.940296
0.940541
0.940333
0.940527
0.940663
0.940521
0.940459
0.940399
0.940517
0.940378
0.940200
0.940269
0.940060
0.940485
0.940049
0.940111
0.940189
0.940354
0.940135
0.940292
0.940170
0.940272
0.940368
0.940247
0.940472
0.940259
0.940198
0.940137
0.940256
0.940395
0.940289
0.940139
0.939986
0.940249
0.940189
0.940017
0.940304
0.940354
0.940370
0.940295
0.940238
0.940097
0.940154
0.940184
0.940075
0.940352
0.940603
0.940249
0.940254
0.940459
0.940477
0.940339
0.940306
0.940436
0.940605
0.940484
0.940496
0.940722
0.940439
0.940160
0.940256
0.940291
0.940343
0.940437
0.940071
0.940377
0.940342
0.940530
0.940251
0.940512
0.940321
0.940602
0.940506
0.940340
0.940524
0.940321
0.940416
0.940506
0.940487
0.940457
0.940323
0.940429
0.940288
0.940333
0.940462
0.940444
0.940443
0.940360
0.940180
0.940271
0.940260
0.940325
0.940380
0.940526
0.940647
0.940466
0.940500
0.940177
0.940601
0.940723
0.940428
0.940506
0.940477
0.940517
0.940655
0.940328
0.940685
0.940496
0.940679
0.940517
0.940398
0.940645
0.940690
0.940657
0.940663
0.940605
0.940403
0.940534
0.940435
0.940596
0.940629
0.940597
0.940432
0.940544
0.940610
0.940565
0.940547
0.940215
0.940763
0.940631
0.940518
0.940764
0.941041
0.940843
0.941126
0.940819
0.941173
0.940625
0.940712
0.940705
0.940626
0.940894
0.940582
0.940633
0.940550
0.940851
0.940944
0.940763
0.940734
0.941175
0.941030
0.940544
0.940756
0.940844
0.941024
0.940633
0.941004
0.940935
0.941019
0.941018
0.941184
0.941171
0.940863
0.941053
0.941032
0.940825
0.941110
0.940895
0.940544
0.940997
0.940680
0.940910
0.940821
0.940857
0.940927
0.940821
0.940749
0.941072
0.940775
0.940984
0.940635
0.940935
0.940858
0.940645
0.940817
0.940872
0.941006
0.940729
0.941028
0.941072
0.940768
0.940876
0.940962
0.941028
0.941027
0.940806
0.940801
0.940956
0.940861
0.940916
0.940796
0.940815
0.940901
0.940820
0.941054
0.940748
0.940694
0.940566
0.940760
0.940819
0.940718
0.940431
0.940733
0.940617
0.940793
0.940781
0.941004
0.940842
0.941107
0.940948
0.940967
0.941243
0.940930
0.940918
0.940710
0.940777
0.941011
0.940891
0.940793
0.940863
0.940896
0.941214
0.940845
0.940860
0.941036
0.940937
0.940370
0.940868
0.940850
0.941042
0.940726
0.940988
0.941039
0.941084
0.941002
0.940765
0.940852
0.940871
0.940860
0.940915
0.941136
0.941080
0.940871
0.940842
0.941065
0.941078
0.940914
0.940875
0.940971
0.940964
0.940827
0.940984
0.941063
0.940969
0.940829
0.940990
0.940784
0.940827
0.940593
0.940971
0.940898
0.940675
0.940712
0.940744
0.940761
0.940960
0.940834
0.940622
0.940935
0.940723
0.940533
0.940977
0.940854
0.940582
0.940689
0.940847
0.940864
0.940761
0.940552
0.940727
0.940747
0.940938
0.941020
0.941305
0.941069
0.940984
0.941038
0.940923
0.941099
0.941012
0.940936
0.941076
0.940906
0.940933
0.941074
0.940937
0.940969
0.941173
0.941099
0.941278
0.940927
0.941052
0.940749
0.940577
0.940808
0.940889
0.941002
0.941072
0.940915
0.941186
0.941019
0.941016
0.941133
0.941119
0.941109
0.940957
0.941098
0.941089
0.941127
0.941011
0.941202
0.941230
0.941058
0.941108
0.941183
0.941207
0.941009
0.941130
0.941319
0.941534
0.941361
0.941168
0.941264
0.941245
0.941261
0.941239
0.941170
0.941194
0.941217
0.941166
0.941484
0.941339
0.941120
0.941229
0.941318
0.941292
0.941331
0.941272
0.941400
0.941453
0.941422
0.941300
0.941515
0.941526
0.941504
0.941593
0.941441
0.941645
0.941446
0.941420
0.941225
0.941356
0.941575
0.941416
0.941461
0.941461
0.941510
0.941452
0.941513
0.941405
0.941292
0.941472
0.941229
0.941393
0.941607
0.941457
0.941457
0.941534
0.941293
0.941398
0.941395
0.941516
0.941597
0.941542
0.941572
0.941528
0.941598
0.941245
0.941657
0.941525
0.941399
0.941464
0.941525
0.941376
0.941510
0.941361
0.941683
0.941417
0.941400
0.941400
0.941274
0.941815
0.941664
0.941719
0.941434
0.941423
0.941682
0.941429
0.941391
0.941367
0.941754
0.941485
0.941502
0.941585
0.941443
0.941363
0.941471
0.941474
0.941463
0.941582
0.941489
0.941491
0.941755
0.941771
0.941579
0.941424
0.941704
0.941603
0.941683
0.941809
0.941752
0.941950
0.941676
0.941442
0.941567
0.941759
0.941385
0.941476
0.941422
0.941699
0.941496
0.941862
0.941880
0.941540
0.941673
0.941713
0.941921
0.941796
0.941758
0.941709
0.941599
0.941407
0.941516
0.941475
0.941401
0.941571
0.941361
0.941592
0.941465
0.941518
0.941307
0.941594
0.941639
0.941298
0.941420
0.941428
0.941623
0.941606
0.941627
0.941570
0.941608
0.941859
0.941353
0.941410
0.941640
0.941617
0.941722
0.941692
0.941723
0.941604
0.941715
0.941655
0.941745
0.941528
0.941664
0.941477
0.941562
0.941422
0.941640
0.941691
0.941509
0.941473
0.941574
0.941557
0.941833
0.941439
0.941823
0.941814
0.941790
0.941682
0.941454
0.941561
0.941616
0.941326
0.941690
0.941610
0.941845
0.941543
0.941808
0.941643
0.941611
0.941642
0.941658
0.941814
0.941785
0.941685
0.941803
0.941779
0.941935
0.941765
0.941903
0.941974
0.941864
0.941692
0.941618
0.941533
0.941671
0.941687
0.941702
0.941814
0.941797
0.941947
0.941962
0.941832
0.941917
0.941809
0.941961
0.942001
0.942020
0.941808
0.942068
0.942004
0.941824
0.941816
0.941906
0.941658
0.941855
0.941963
0.942032
0.941855
0.941869
0.942103
0.942134
0.941704
0.941783
0.941824
0.941819
0.941693
0.941671
0.941944
0.941953
0.941850
0.941767
0.941914
0.941816
0.942015
0.941675
0.941974
0.942009
0.941751
0.941777
0.941643
0.941838
0.941679
0.941647
0.941602
0.942010
0.941905
0.941814
0.941798
0.941842
0.941908
0.941461
0.941655
0.941856
0.941708
0.941862
0.941984
0.941911
0.941663
0.941471
0.941676
0.941570
0.941684
0.941415
0.942063
0.941857
0.941925
0.941792
0.941713
0.941830
0.941869
0.941753
0.941850
0.942006
0.941932
0.941865
0.941828
0.941923
0.942228
0.942046
0.941922
0.941982
0.941957
0.941666
0.941975
0.941727
0.942100
0.941904
0.941947
0.941996
0.942079
0.941893
0.941801
0.941922
0.941714
0.942155
0.941736
0.942015
0.941761
0.941871
0.941671
0.941838
0.941860
0.941801
0.941866
0.941918
0.941161
0.942096
0.942096
0.941908
0.941974
0.941859
0.941749
0.941922
0.941741
0.941955
0.941986
0.941999
0.941768
0.941997
0.942031
0.942061
0.942031
0.941974
0.941955
0.941918
0.941906
0.942163
0.941852
0.941767
0.942040
0.941923
0.941846
0.942093
0.942013
0.942221
0.941728
0.942085
0.941963
0.942018
0.942064
0.941921
0.942115
0.941959
0.941824
0.941869
0.941950
0.942133
0.941901
0.942483
0.942936
0.942371
0.942459
0.942454
0.942426
0.942337
0.942446
0.942562
0.942437
0.942467
0.942572
0.942294
0.942509
0.942524
0.942494
0.942429
0.942557
0.942561
0.942502
0.942649
0.942118
0.942184
0.942173
0.942264
0.942146
0.942002
0.942288
0.941993
0.942118
0.942200
0.941986
0.941941
0.941899
0.942104
0.942339
0.942244
0.942190
0.941904
0.941895
0.941901
0.941968
0.942028
0.942049
0.942235
0.941938
0.942080
0.942204
0.942126
0.942003
0.942020
0.942047
0.942134
0.942071
0.941941
0.942203
0.941953
0.942327
0.942454
0.942378
0.942469
0.942333
0.942275
0.942485
0.942747
0.942486
0.942376
0.942424
0.942219
0.942204
0.942286
0.942416
0.942364
0.942443
0.942359
0.942356
0.942471
0.942244
0.942443
