0.000000
0.995012
0.995006
0.995019
0.995026
0.995004
0.995002
0.994981
0.994998
0.995017
0.994998
0.995114
0.995264
0.996934
0.849492
0.802258
0.825325
0.801413
0.741349
0.735967
0.738358
0.723778
0.734409
0.750360
0.748096
0.736074
0.745374
0.738999
0.745419
0.737871
0.750460
0.753657
0.761917
0.772166
0.771509
0.776060
0.777468
0.779554
0.779151
0.779724
0.779908
0.779459
0.780580
0.781518
0.760377
0.800009
0.744980
0.710056
0.725611
0.737315
0.705365
0.754614
0.720452
0.734456
0.731805
0.749313
0.760641
0.715344
0.741826
0.758091
0.714655
0.733222
0.749803
0.711933
0.715456
0.730957
0.758052
0.730119
0.710947
0.711310
0.708017
0.709701
0.710399
0.724349
0.723584
0.711445
0.699997
0.696305
0.703177
0.702103
0.700373
0.698965
0.698395
0.695915
0.695510
0.701373
0.695015
0.693697
0.702395
0.720731
0.753545
0.736468
0.782453
0.756811
0.787390
0.765503
0.745210
0.776287
0.761430
0.770426
0.794695
0.803640
0.781947
0.746890
0.768984
0.742650
0.789655
0.757714
0.787501
0.762944
0.745337
0.743561
0.753822
0.736350
0.734903
0.738667
0.736176
0.736468
0.739916
0.746163
0.746719
0.745172
0.743034
0.740440
0.739372
0.739482
0.739898
0.739658
0.738883
0.739047
0.739409
0.738348
0.737469
0.737891
0.737750
0.742903
0.735623
0.743786
0.737297
0.742239
0.754985
0.764328
0.774242
0.789428
0.797597
0.841275
0.844416
0.856888
0.821394
0.796573
0.792220
0.816782
0.810831
0.758583
0.723825
0.745798
0.724430
0.724304
0.737001
0.749375
0.799017
0.726219
0.738616
0.768660
0.764857
0.766359
0.768849
0.757229
0.768909
0.753477
0.754496
0.762647
0.776575
0.750613
0.724086
0.726399
0.763830
0.769451
0.768557
0.768655
0.763793
0.773094
0.750248
0.763351
0.723823
0.722009
0.723250
0.742633
0.765598
0.769326
0.758352
0.750654
0.747750
0.750234
0.727774
0.739322
0.719455
0.723653
0.720038
0.724637
0.711881
0.707721
0.703088
0.699536
0.726037
0.744185
0.729327
0.727538
0.713505
0.693023
0.711343
0.761646
0.778258
0.752196
0.757964
0.742652
0.716900
0.705825
0.707561
0.728090
0.743533
0.764587
0.741223
0.750981
0.741452
0.725210
0.724321
0.728581
0.741217
0.711347
0.715555
0.716432
0.728227
0.711934
0.730678
0.746198
0.768467
0.773979
0.729992
0.721215
0.731516
0.744551
0.738816
0.747945
0.774057
0.747863
0.718019
0.719300
0.716558
0.726400
0.723537
0.745145
0.727395
0.722476
0.730753
0.714543
0.713690
0.739744
0.738648
0.739728
0.744153
0.716868
0.723611
0.742232
0.751390
0.738167
0.735144
0.721777
0.738281
0.726479
0.753403
0.757845
0.753100
0.739246
0.739522
0.744521
0.718562
0.716968
0.724652
0.728913
0.739151
0.751905
0.741407
0.744816
0.757626
0.764514
0.792880
0.758590
0.731701
0.723406
0.734068
0.727941
0.714802
0.731436
0.755568
0.758264
0.733872
0.746269
0.724456
0.742635
0.748549
0.747380
0.739600
0.726464
0.719192
0.731241
0.752098
0.737816
0.725636
0.737834
0.722353
0.735168
0.725951
0.713449
0.721629
0.721334
0.737142
0.721955
0.726975
0.735381
0.745395
0.735456
0.716535
0.718475
0.733867
0.735089
0.738587
0.722571
0.728911
0.717010
0.715108
0.729392
0.736650
0.720508
0.732211
0.739688
0.728143
0.736518
0.748387
0.724884
0.737191
0.712354
0.716722
0.726651
0.728991
0.740636
0.759103
0.720419
0.738661
0.743278
0.750698
0.718038
0.727520
0.729719
0.720183
0.728820
0.734918
0.736945
0.747553
0.739338
0.743784
0.763885
0.772391
0.733526
0.727681
0.726180
0.718232
0.752706
0.726467
0.729721
0.745471
0.734933
0.741941
0.733827
0.760193
0.772297
0.787967
0.756432
0.739191
0.751227
0.742761
0.722775
0.727443
0.760513
0.761553
0.741450
0.732635
0.731464
0.720839
0.719507
0.732362
0.740383
0.766775
0.761454
0.774854
0.773463
0.769558
0.781353
0.812040
0.834299
0.871303
0.899630
0.934316
0.961747
0.985555
0.979872
0.983304
0.978775
0.924731
0.906103
0.919831
0.950063
0.966666
0.974507
0.980817
0.986702
0.990042
0.992764
0.993325
0.993483
0.993606
0.993752
0.994100
0.994262
0.994155
0.995035
0.995017
0.964062
0.773269
0.551725
0.975248
0.994805
0.994888
0.994964
0.994641
0.994856
0.994923
0.994081
0.994923
0.994910
0.994997
0.994990
0.995110
0.994636
0.995076
0.995086
0.994608
0.994648
0.993713
0.994989
0.995083
0.994477
0.995057
0.993937
0.995061
0.994983
0.994855
0.994960
0.995126
0.994746
0.994591
0.994864
0.995034
0.994758
0.995007
0.994874
0.994973
0.994837
0.995022
0.995095
0.995086
0.995090
0.994532
0.994870
0.995131
0.995229
0.995312
0.995374
0.995343
0.995333
0.995358
0.995320
0.995314
0.995387
0.995238
0.995294
0.995339
0.995206
0.994706
0.967202
0.966079
0.944691
0.895613
0.956223
0.858852
0.802220
0.783452
0.759878
0.745557
0.779706
0.754358
0.797096
0.782670
0.752265
0.812246
0.761258
0.777793
0.782114
0.741323
0.782776
0.774234
0.780513
0.709115
0.707365
0.713755
0.739502
0.729050
0.720967
0.731560
0.681051
0.694029
0.714569
0.695987
0.677275
0.676493
0.696964
0.689402
0.681251
0.676694
0.669630
0.674817
0.674510
0.672008
0.674334
0.678166
0.675682
0.675542
0.672940
0.672967
0.674464
0.673467
0.671117
0.670870
0.674348
0.674368
0.676165
0.681557
0.685555
0.691121
0.688577
0.680811
0.688018
0.688483
0.693084
0.703647
0.730327
0.745165
0.757397
0.776460
0.796167
0.825394
0.833730
0.830353
0.824442
0.790606
0.806554
0.785240
0.777276
0.759306
0.772969
0.756253
0.783592
0.791202
0.779333
0.769307
0.736065
0.727552
0.731346
0.729910
0.747651
0.753571
0.737161
0.753666
0.720446
0.716200
0.719618
0.713832
0.705172
0.698033
0.708222
0.716188
0.691175
0.697133
0.689508
0.715199
0.688849
0.701120
0.751519
0.743125
0.747070
0.726308
0.726469
0.740393
0.749658
0.721017
0.718159
0.705769
0.738828
0.752370
0.743865
0.729358
0.742840
0.753678
0.729960
0.733902
0.747635
0.758131
0.766252
0.766563
0.745488
0.733933
0.746700
0.748464
0.751022
0.743361
0.736299
0.724165
0.722157
0.739801
0.725219
0.702135
0.693380
0.689732
0.722479
0.700685
0.697539
0.738664
0.723262
0.739087
0.744074
0.718177
0.717695
0.708768
0.732602
0.747439
0.754532
0.746790
0.749160
0.739498
0.742133
0.724781
0.742250
0.745960
0.783019
0.755793
0.742503
0.725532
0.732051
0.706761
0.698812
0.699667
0.711654
0.717030
0.738206
0.748813
0.750440
0.755658
0.754713
0.749573
0.735697
0.715820
0.729221
0.757739
0.751004
0.757733
0.759382
0.740379
0.766752
0.763871
0.712206
0.721845
0.722158
0.713471
0.712488
0.713445
0.721164
0.746711
0.726408
0.704228
0.698103
0.673558
0.711803
0.723070
0.710457
0.718372
0.750883
0.753536
0.742231
0.747888
0.760320
0.739233
0.742003
0.727553
0.723578
0.730566
0.727849
0.745244
0.740637
0.743351
0.735077
0.744257
0.737818
0.755252
0.717407
0.702118
0.715047
0.722234
0.757179
0.737433
0.753474
0.740548
0.753496
0.760738
0.732972
0.720523
0.748294
0.771318
0.743817
0.719258
0.710154
0.722129
0.740211
0.762730
0.743472
0.717607
0.721228
0.736935
0.771058
0.751677
0.721699
0.745195
0.763843
0.753944
0.736690
0.731099
0.722169
0.725824
0.712342
0.727037
0.742449
0.729349
0.730711
0.743080
0.733276
0.744329
0.750691
0.737085
0.730667
0.721741
0.734475
0.722188
0.712857
0.734972
0.742908
0.766773
0.766168
0.751270
0.730490
0.740973
0.741308
0.751091
0.767116
0.742607
0.745103
0.742913
0.732587
0.754112
0.751104
0.751616
0.731768
0.733276
0.724798
0.749643
0.765898
0.756457
0.718027
0.725376
0.748666
0.740459
0.735353
0.717583
0.731924
0.728735
0.729781
0.719663
0.721735
0.738972
0.756760
0.746413
0.757584
0.745159
0.735612
0.719979
0.751437
0.735010
0.730757
0.735157
0.732068
0.762653
0.761222
0.747533
0.721421
0.727320
0.753457
0.741955
0.729455
0.730543
0.731762
0.723931
0.712966
0.726428
0.741746
0.749159
0.729294
0.749176
0.747528
0.750389
0.766145
0.750701
0.757030
0.756110
0.744850
0.770481
0.757061
0.740824
0.732727
0.740279
0.742973
0.739802
0.739199
0.761677
0.754814
0.758923
0.756491
0.729948
0.702219
0.713023
0.738606
0.729755
0.717092
0.745349
0.742452
0.730977
0.732008
0.718724
0.717350
0.736577
0.736904
0.739469
0.740754
0.735934
0.743930
0.763237
0.743472
0.717463
0.723100
0.749814
0.746211
0.706883
0.729851
0.738713
0.731671
0.740882
0.728291
0.742681
0.754966
0.749411
0.760699
0.761993
0.748749
0.720792
0.733587
0.766529
0.767430
0.747730
0.724847
0.734899
0.748434
0.735027
0.747127
0.765188
0.742127
0.761470
0.774428
0.767131
0.737545
0.738102
0.715115
0.723670
0.739402
0.747631
0.728523
0.743997
0.711300
0.704278
0.708146
0.718410
0.733910
0.752933
0.751080
0.737082
0.749349
0.746975
0.722326
0.720424
0.714175
0.735797
0.740696
0.726036
0.728951
0.728820
0.739683
0.735444
0.760852
0.738117
0.734786
0.721416
0.717676
0.725991
0.734510
0.725444
0.704948
0.734486
0.737007
0.713287
0.748365
0.731598
0.731037
0.725187
0.712245
0.739272
0.744799
0.732667
0.727198
0.748993
0.762457
0.782948
0.770622
0.772268
0.754985
0.745203
0.731485
0.742925
0.741107
0.766346
0.754671
0.772549
0.749085
0.756735
0.761012
0.741690
0.719837
0.722834
0.708578
0.725869
0.746994
0.756476
0.725109
0.727457
0.737838
0.742341
0.728005
0.733929
0.716307
0.705422
0.726574
0.713618
0.718529
0.739288
0.758758
0.757718
0.748485
0.763292
0.738580
0.742471
0.771352
0.761488
0.747570
0.754207
0.757508
0.739887
0.743849
0.745869
0.734215
0.723687
0.736616
0.757167
0.740558
0.734217
0.734423
0.735387
0.740995
0.743811
0.754070
0.761360
0.754533
0.711372
0.720806
0.731445
0.732193
0.746793
0.719447
0.741112
0.729913
0.756148
0.764888
0.745651
0.739910
0.733620
0.727816
0.728450
0.734310
0.739889
0.729913
0.727611
0.750512
0.750718
0.764396
0.750695
0.732237
0.722898
0.739863
0.743705
0.743230
0.765557
0.753601
0.753133
0.764116
0.748160
0.700414
0.712030
0.707774
0.732265
0.757299
0.732458
0.743603
0.745534
0.760114
0.764335
0.748445
0.738177
0.726784
0.757433
0.738582
0.730212
0.733533
0.733773
0.730167
0.726045
0.723062
0.752912
0.760670
0.754483
0.728829
0.711168
0.736951
0.732590
0.737661
0.728138
0.720022
0.738831
0.737651
0.747679
0.728892
0.690679
0.708365
0.730154
0.737626
0.753432
0.749405
0.744437
0.770086
0.757198
0.724022
0.731597
0.714191
0.723310
0.743551
0.710028
0.721278
0.723733
0.740994
0.725384
0.716956
0.731515
0.722925
0.723390
0.731536
0.733758
0.712454
0.729588
0.719113
0.725778
0.738071
0.754117
0.771487
0.775119
0.757237
0.741718
0.736388
0.727126
0.742278
0.756651
0.736565
0.757823
0.737554
0.740781
0.755803
0.761410
0.731749
0.725847
0.725197
0.744189
0.738398
0.708601
0.720248
0.721014
0.718524
0.739907
0.738668
0.731122
0.710347
0.726609
0.747058
0.732160
0.751906
0.738089
0.732238
0.729606
0.719552
0.732969
0.746005
0.747232
0.736403
0.731897
0.727575
0.732251
0.729218
0.729013
0.730067
0.756740
0.740644
0.730842
0.733441
0.747851
0.714819
0.740759
0.726196
0.730411
0.697840
0.727370
0.705947
0.725302
0.734435
0.727784
0.760547
0.771388
0.751385
0.730312
0.752174
0.734907
0.731755
0.747886
0.745232
0.732715
0.752926
0.751496
0.737665
0.742958
0.750998
0.746299
0.744582
0.749703
0.753563
0.773367
0.734075
0.733375
0.714779
0.730965
0.748519
0.739207
0.748554
0.758201
0.745505
0.739942
0.743289
0.751196
0.734513
0.731953
0.714735
0.748047
0.740971
0.744145
0.757414
0.738228
0.714010
0.712765
0.718037
0.729925
0.718715
0.750224
0.746705
0.753902
0.748357
0.749142
0.753277
0.730521
0.752467
0.771286
0.762123
0.738721
0.737095
0.729082
0.725746
0.739912
0.742194
0.735591
0.724777
0.728958
0.727270
0.729840
0.735044
0.733873
0.733105
0.729385
0.745365
0.733532
0.757915
0.741018
0.734247
0.756511
0.767635
0.726837
0.700060
0.701279
0.706525
0.733082
0.746850
0.739054
0.740653
0.746308
0.734344
0.740902
0.732906
0.739063
0.742578
0.730448
0.723954
0.714960
0.725009
0.738057
0.750939
0.738722
0.731300
0.750532
0.732582
0.718948
0.753264
0.744160
0.750769
0.758012
0.756638
0.740267
0.728007
0.717955
0.718322
0.722951
0.736608
0.739698
0.734941
0.741191
0.720544
0.726353
0.715475
0.710108
0.701378
0.740001
0.747110
0.756923
0.755979
0.740713
0.709584
0.707885
0.740740
0.728752
0.715424
0.699730
0.700123
0.718230
0.728403
0.741648
0.732942
0.764496
0.765887
0.757183
0.741194
0.733314
0.717077
0.742440
0.754367
0.731997
0.732642
0.725568
0.720941
0.709305
0.690808
0.727752
0.733155
0.734599
0.751181
0.753640
0.737131
0.742443
0.745416
0.734518
0.729415
0.728779
0.730015
0.738620
0.747722
0.762645
0.769918
0.762070
0.752443
0.733054
0.750682
0.727534
0.754438
0.751415
0.746692
0.748548
0.764023
0.740840
0.715029
0.722682
0.735152
0.740078
0.725722
0.731071
0.724184
0.732616
0.741241
0.733596
0.747938
0.743346
0.719210
0.720413
0.724792
0.754269
0.752329
0.742226
0.740665
0.735228
0.739596
0.717131
0.714220
0.741676
0.720861
0.766366
0.778066
0.764220
0.742077
0.739650
0.756393
0.754076
0.753396
0.728199
0.699741
0.722438
0.733396
0.739907
0.767993
0.728591
0.722449
0.725068
0.752784
0.760748
0.744728
0.734890
0.723412
0.749781
0.730185
0.751580
0.768994
0.741618
0.735469
0.717339
0.738708
0.738045
0.744511
0.730753
0.736773
0.732433
0.732790
0.745534
0.765477
0.743564
0.752667
0.732025
0.746382
0.724833
0.724800
0.742763
0.734126
0.743190
0.742299
0.753258
0.760899
0.734264
0.719701
0.720955
0.738372
0.755273
0.737085
0.724575
0.714769
0.727064
0.721810
0.735505
0.751919
0.754743
0.750790
0.749774
0.712919
0.708326
0.741105
0.763598
0.754667
0.757440
0.753666
0.746055
0.738845
0.743528
0.759684
0.769561
0.773350
0.768160
0.753576
0.738923
0.731284
0.738393
0.738932
0.748126
0.743128
0.724612
0.744242
0.731126
0.728770
0.767466
0.736021
0.701336
0.732808
0.750188
0.739655
0.720265
0.736984
0.750400
0.739503
0.731164
0.724076
0.743498
0.761311
0.761009
0.768777
0.800908
0.755790
0.730171
0.721473
0.728330
0.722626
0.741021
0.738482
0.729257
0.746441
0.745053
0.753540
0.755650
0.753841
0.739548
0.751426
0.730489
0.742769
0.746918
0.762608
0.750852
0.767754
0.752984
0.731529
0.723919
0.744976
0.722971
0.732658
0.728572
0.746701
0.732683
0.740853
0.730175
0.727112
0.727207
0.748051
0.743584
0.742873
0.747653
0.755465
0.745412
0.725999
0.719864
0.716060
0.715608
0.731278
0.755925
0.751665
0.739088
0.728250
0.720056
0.723248
0.740543
0.747394
0.724805
0.750655
0.761516
0.753634
0.771872
0.724803
0.715965
0.726314
0.747536
0.740676
0.724957
0.733321
0.741126
0.717145
0.694044
0.695666
0.703384
0.697918
0.749678
0.809310
0.855604
0.895398
0.944279
0.969981
0.982645
0.987874
0.993887
0.994194
0.994847
0.993425
0.994451
0.994771
0.993581
0.991864
0.991540
0.990807
0.992405
0.992781
0.994737
0.994745
0.994558
0.994775
0.994900
0.994716
0.994775
0.994786
0.995099
0.990220
0.990000
0.992322
0.994440
0.992298
0.995120
0.993325
0.995276
0.995153
0.993030
0.994888
0.994763
0.993158
0.995168
0.994310
0.994419
0.995251
0.994096
0.995356
0.994890
0.995444
0.995153
0.995245
0.995367
0.994703
0.995356
0.995300
0.995166
0.995319
0.995299
0.995314
0.995287
0.995356
0.995312
0.995324
0.995263
0.995432
0.995319
0.995381
0.995368
0.995118
0.995426
0.995186
0.995261
0.994921
0.995102
0.994973
0.994937
0.994896
0.994974
0.995046
0.995179
0.995231
0.995295
0.995233
0.995261
0.995077
0.995117
0.995129
0.995089
0.995144
0.995166
0.995180
0.969356
0.949305
0.924005
0.924979
0.916038
0.928683
0.885625
0.875876
0.901299
0.848752
0.858623
0.838420
0.841917
0.793496
0.831871
0.833548
0.844400
0.815171
0.797182
0.769538
0.819039
0.794686
0.757017
0.816350
0.816686
0.832948
0.830746
0.831207
0.794059
0.798889
0.806671
0.761619
0.800737
0.776499
0.767007
0.799900
0.767583
0.778495
0.752516
0.758985
0.771468
0.743329
0.736919
0.748167
0.764345
0.738018
0.751402
0.815796
0.727919
0.776491
0.758736
0.749553
0.771601
0.760004
0.800744
0.734844
0.718520
0.741597
0.723175
0.731602
0.766934
0.746056
0.695395
0.660535
0.723828
0.704129
0.711615
0.758524
0.726704
0.764937
0.722358
0.690891
0.731622
0.708044
0.737883
0.752218
0.692143
0.709999
0.707792
0.723411
0.682937
0.718193
0.674511
0.685947
0.663003
0.688765
0.726428
0.663520
0.740695
0.684633
0.715394
0.695569
0.741024
0.726784
0.705764
0.762570
0.727868
0.775786
0.748486
0.732443
0.759339
0.752316
0.781659
0.757220
0.792711
0.750612
0.718903
0.716841
0.721810
0.723762
0.725645
0.725621
0.727197
0.729951
0.729311
0.725671
0.722613
0.720292
0.720112
0.720641
0.721718
0.722346
0.723317
0.722539
0.722645
0.723559
0.722471
0.719566
0.726411
0.716647
0.719925
0.717185
0.700407
0.705734
0.708101
0.718561
0.737352
0.739570
0.755358
0.756692
0.762767
0.770974
0.785518
0.797726
0.797704
0.799917
0.824059
0.820273
0.798956
0.801842
0.810769
0.799867
0.793202
0.801955
0.772592
0.783233
0.779018
0.763629
0.728047
0.721293
0.708845
0.693683
0.696759
0.720278
0.730497
0.730640
0.707871
0.698614
0.718356
0.724147
0.703905
0.729039
0.748331
0.756853
0.756898
0.750935
0.726471
0.731594
0.717636
0.719357
0.709440
0.706748
0.738033
0.737855
0.707861
0.730172
0.721773
0.725268
0.753521
0.713563
0.721587
0.723218
0.728726
0.734570
0.735744
0.720913
0.749105
0.740819
0.737630
0.721103
0.678736
0.717027
0.718313
0.728940
0.710551
0.708141
0.716549
0.722490
0.732807
0.728438
0.720541
0.709978
0.730341
0.718331
0.725321
0.708129
0.701255
0.727586
0.734276
0.747769
0.743330
0.739207
0.721491
0.727128
0.732099
0.749872
0.712914
0.698586
0.719659
0.706067
0.724840
0.710228
0.704587
0.718638
0.714461
0.715774
0.723178
0.729704
0.750775
0.762938
0.719743
0.715857
0.716771
0.724109
0.723706
0.727329
0.695590
0.704597
0.687497
0.710942
0.720531
0.733790
0.760569
0.760735
0.715498
0.727713
0.710879
0.715733
0.738742
0.755529
0.738796
0.735562
0.733281
0.740005
0.739039
0.752672
0.744385
0.726587
0.735932
0.750558
0.731921
0.727433
0.706789
0.731571
0.728167
0.679309
0.691670
0.704017
0.713669
0.707743
0.718781
0.723673
0.733544
0.711671
0.721342
0.722336
0.735394
0.754667
0.752369
0.771760
0.759703
0.755369
0.730593
0.708485
0.733792
0.717920
0.708911
0.711068
0.746268
0.709351
0.715195
0.734584
0.728669
0.758280
0.731113
0.737739
0.738451
0.743239
0.736556
0.732822
0.745372
0.755876
0.762116
0.770263
0.757149
0.737368
0.715953
0.714809
0.728973
0.725437
0.735621
0.728659
0.724039
0.730054
0.723824
0.734731
0.753494
0.749778
0.739681
0.725326
0.729173
0.718415
0.744820
0.750100
0.735090
0.719542
0.725815
0.706690
0.714328
0.711923
0.712183
0.721564
0.737050
0.721761
0.721939
0.721584
0.715163
0.709112
0.727724
0.716176
0.737008
0.722908
0.741359
0.718294
0.725001
0.735631
0.715593
0.708451
0.722578
0.718966
0.730181
0.726898
0.691836
0.699952
0.705949
0.715931
0.738991
0.732667
0.744643
0.719312
0.719016
0.721869
0.728381
0.750631
0.736753
0.730060
0.698487
0.714455
0.710185
0.710163
0.711258
0.744249
0.742799
0.755312
0.734132
0.718353
0.712737
0.699801
0.690325
0.721859
0.750756
0.748601
0.743321
0.736153
0.728466
0.742205
0.732049
0.738578
0.731971
0.733520
0.712216
0.707843
0.718543
0.732350
0.747740
0.742284
0.744083
0.732373
0.710377
0.732529
0.734979
0.736248
0.729255
0.730792
0.741208
0.755700
0.731672
0.723570
0.734651
0.722854
0.697247
0.711068
0.712336
0.715234
0.724667
0.736377
0.729793
0.729505
0.737767
0.723455
0.730109
0.698344
0.706785
0.719767
0.720572
0.732875
0.747743
0.751575
0.736247
0.718258
0.704677
0.697495
0.682547
0.715650
0.763261
0.764034
0.750722
0.724047
0.722144
0.703241
0.715626
0.717324
0.722749
0.710517
0.715353
0.720061
0.726186
0.720353
0.724477
0.743532
0.739815
0.720661
0.735334
0.721229
0.715358
0.750883
0.741692
0.720774
0.714484
0.702906
0.733017
0.726045
0.732391
0.748264
0.746708
0.742652
0.785660
0.762495
0.753639
0.725274
0.726071
0.729861
0.698877
0.707817
0.704908
0.745350
0.762570
0.740330
0.747690
0.738162
0.729866
0.715480
0.684218
0.712213
0.716065
0.718119
0.718569
0.719988
0.715057
0.722857
0.720870
0.739759
0.736727
0.731769
0.716578
0.722432
0.741953
0.732515
0.736734
0.739129
0.744724
0.747772
0.730993
0.743156
0.765045
0.776271
0.747323
0.768462
0.757083
0.717774
0.720990
0.747000
0.746965
0.750899
0.727863
0.726894
0.739685
0.711920
0.738069
0.749189
0.740000
0.737377
0.710221
0.720928
0.744940
0.730301
0.735983
0.758423
0.764259
0.729210
0.735928
0.726194
0.704630
0.702976
0.726111
0.722253
0.706674
0.740864
0.736902
0.717600
0.725210
0.721288
0.736670
0.745805
0.720746
0.735425
0.754467
0.745284
0.748542
0.759458
0.737837
0.707875
0.728552
0.738556
0.732135
0.703746
0.723639
0.731240
0.746393
0.778988
0.751543
0.738967
0.765188
0.768452
0.760540
0.728780
0.713044
0.730829
0.747015
0.741250
0.725668
0.722721
0.727570
0.751095
0.764985
0.726639
0.699655
0.725580
0.705744
0.722140
0.718487
0.742037
0.747019
0.754213
0.749137
0.750020
0.754991
0.760677
0.748218
0.747348
0.736182
0.737824
0.744437
0.731366
0.715125
0.727976
0.746804
0.733137
0.731353
0.718046
0.723779
0.747023
0.751734
0.758469
0.743495
0.723596
0.703150
0.715992
0.684358
0.734283
0.715908
0.698628
0.715246
0.728794
0.748750
0.735402
0.738832
0.739842
0.753391
0.762754
0.722278
0.701358
0.699725
0.728277
0.751480
0.758621
0.745275
0.744460
0.741038
0.723595
0.740076
0.740754
0.753544
0.767057
0.746094
0.729765
0.710569
0.707942
0.706787
0.721663
0.736124
0.736204
0.751906
0.736148
0.741607
0.756691
0.751765
0.765155
0.744206
0.737447
0.699512
0.715632
0.726613
0.711980
0.694721
0.699755
0.713202
0.718942
0.750685
0.744204
0.722271
0.726357
0.736038
0.761905
0.742881
0.762112
0.762931
0.752626
0.727048
0.734244
0.726815
0.738771
0.748407
0.740050
0.757372
0.750052
0.734480
0.720332
0.728496
0.721038
0.732081
0.727109
0.739783
0.736960
0.740863
0.731120
0.740534
0.752292
0.751785
0.752997
0.702495
0.710079
0.732673
0.723380
0.733201
0.734964
0.735152
0.732886
0.727857
0.714825
0.719156
0.723007
0.719899
0.724364
0.717168
0.729396
0.714110
0.740472
0.713173
0.735730
0.767328
0.765201
0.759718
0.746639
0.745438
0.739773
0.732742
0.726416
0.723427
0.696589
0.706751
0.689459
0.705250
0.720112
0.732986
0.740405
0.737931
0.743517
0.731116
0.764661
0.735522
0.745569
0.717099
0.720943
0.726143
0.740234
0.748475
0.727594
0.737983
0.720808
0.704488
0.706996
0.707538
0.735146
0.735468
0.741452
0.750496
0.751627
0.735076
0.748293
0.747508
0.733796
0.726532
0.719911
0.743253
0.762683
0.733440
0.752336
0.772625
0.745306
0.749916
0.729971
0.734631
0.756079
0.749539
0.726501
0.731371
0.727291
0.745148
0.749848
0.746929
0.725894
0.734097
0.727081
0.730035
0.764186
0.765958
0.741238
0.747991
0.726360
0.709625
0.740697
0.708970
0.732525
0.709427
0.738593
0.729389
0.732414
0.745759
0.726009
0.717825
0.724492
0.746197
0.758560
0.740904
0.743190
0.766062
0.779832
0.762808
0.738486
0.757350
0.738141
0.734826
0.759358
0.745939
0.756257
0.741969
0.745252
0.733211
0.740676
0.732877
0.726257
0.743620
0.745564
0.739428
0.749786
0.760352
0.771403
0.765761
0.713849
0.706262
0.726641
0.728080
0.728244
0.715729
0.732720
0.736624
0.742658
0.740533
0.729587
0.721425
0.731442
0.741741
0.744861
0.699631
0.706170
0.751098
0.743530
0.720138
0.718783
0.719353
0.746357
0.759462
0.772523
0.748275
0.756491
0.743884
0.734582
0.758418
0.744706
0.759020
0.762827
0.745955
0.745659
0.728632
0.743834
0.726718
0.748428
0.753980
0.739242
0.705315
0.719559
0.717890
0.741356
0.745666
0.753868
0.760348
0.752133
0.735636
0.761351
0.756064
0.753100
0.747024
0.744771
0.755279
0.786789
0.767671
0.742115
0.720934
0.720029
0.721614
0.747095
0.726853
0.720548
0.736018
0.721590
0.730766
0.728265
0.745052
0.755359
0.761542
0.767760
0.761778
0.754556
0.767128
0.732552
0.717599
0.751254
0.746182
0.761064
0.758617
0.728945
0.731111
0.738984
0.727269
0.746419
0.741291
0.733549
0.759440
0.756775
0.731833
0.743709
0.740224
0.702661
0.686958
0.714763
0.735367
0.736323
0.746029
0.739461
0.734445
0.731012
0.721482
0.722895
0.725977
0.719162
0.713304
0.739926
0.746239
0.745393
0.733396
0.746069
0.733550
0.705148
0.724021
0.752306
0.746531
0.750915
0.739959
0.741559
0.751970
0.767451
0.727644
0.727543
0.725240
0.724480
0.747448
0.754320
0.743683
0.723085
0.736878
0.749801
0.731416
0.757239
0.787996
0.751058
0.738597
0.725445
0.741600
0.750180
0.739181
0.751086
0.753934
0.777959
0.766423
0.754326
0.745604
0.741975
0.758648
0.760665
0.740093
0.740452
0.721778
0.716494
0.758083
0.751391
0.769291
0.770934
0.744869
0.760008
0.762310
0.769908
0.744767
0.722222
0.740366
0.749206
0.757115
0.734976
0.756704
0.727351
0.734748
0.766852
0.746120
0.729920
0.750815
0.743989
0.719421
0.732425
0.731934
0.732808
0.740509
0.737934
0.748909
0.738021
0.741145
0.721774
0.727159
0.708717
0.720834
0.741413
0.753250
0.770779
0.752245
0.746735
0.747465
0.747531
0.735231
0.727306
0.736201
0.736192
0.751839
0.740916
0.734776
0.725639
0.728327
0.714649
0.738440
0.738792
0.778152
0.746291
0.754828
0.745103
0.722692
0.737280
0.741949
0.735249
0.723585
0.742766
0.764472
0.749440
0.765643
0.731889
0.754078
0.744277
0.758614
0.745917
0.707383
0.743817
0.736549
0.733257
0.734889
0.754431
0.736755
0.720600
0.730261
0.736435
0.721970
0.726803
0.733649
0.758193
0.777204
0.739184
0.731774
0.757083
0.755647
0.745596
0.742128
0.738861
0.741925
0.750818
0.769174
0.746794
0.746577
0.741159
0.731659
0.739021
0.706359
0.725236
0.744044
0.766536
0.745265
0.734327
0.749801
0.751432
0.728790
0.726252
0.750713
0.780054
0.739606
0.716500
0.721214
0.729806
0.735470
0.739736
0.746851
0.736148
0.774445
0.772191
0.753740
0.749645
0.745390
0.745627
0.729185
0.739101
0.742187
0.740936
0.760897
0.756847
0.751203
0.748250
0.774949
0.743106
0.736394
0.759962
0.740807
0.759020
0.752052
0.749973
0.756947
0.722934
0.714421
0.703560
0.745153
0.743618
0.733012
0.737118
0.729563
0.717247
0.728762
0.723753
0.744516
0.743440
0.721123
0.708680
0.735115
0.744157
0.735953
0.720036
0.723457
0.720885
0.727235
0.719701
0.738132
0.735600
0.751880
0.769639
0.771389
0.759615
0.728344
0.737966
0.744275
0.754925
0.741799
0.741096
0.741152
0.754434
0.772163
0.762549
0.771337
0.782873
0.770994
0.747284
0.733318
0.741585
0.737891
0.711834
0.719708
0.741056
0.737570
0.743995
0.751407
0.757420
0.736599
0.762608
0.730936
0.731867
0.712895
0.717720
0.735856
0.756294
0.721523
0.729467
0.720008
0.732022
0.768093
0.757658
0.749915
0.737602
0.735317
0.720175
0.759085
0.767723
0.760205
0.741500
0.730727
0.736362
0.722513
0.723943
0.736275
0.743021
0.745319
0.760870
0.757980
0.745042
0.740949
0.742517
0.721770
0.743428
0.748802
0.736305
0.737345
0.733512
0.743050
0.727863
0.739576
0.744317
0.741977
0.733878
0.753804
0.754423
0.734562
0.733061
0.730091
0.737915
0.722481
0.734062
0.751728
0.739620
0.725808
0.718815
0.743679
0.770373
0.769995
0.766955
0.756215
0.729218
0.726897
0.742847
0.740061
0.721061
0.740356
0.762593
0.765378
0.775281
0.759420
0.754570
0.755138
0.776465
0.779752
0.783557
0.734984
0.735523
0.744667
0.752217
0.741478
0.732249
0.749200
0.737755
0.724613
0.734665
0.722319
0.734506
0.722433
0.738388
0.720379
0.714349
0.699950
0.728631
0.726178
0.716985
0.738989
0.752598
0.757982
0.757029
0.743686
0.746318
0.731711
0.740759
0.755033
0.730073
0.709722
0.730458
0.713408
0.720859
0.708469
0.718315
0.726383
0.742385
0.731665
0.723925
0.707389
0.744767
0.744755
0.746654
0.728540
0.726114
0.746753
0.752832
0.738767
0.751058
0.769079
0.772175
0.741056
0.755691
0.770325
0.762845
0.757391
0.747118
0.717423
0.734010
0.756365
0.735100
0.714429
0.730322
0.735936
0.736648
0.757031
0.768985
0.745044
0.750420
0.745415
0.754864
0.757246
0.761007
0.747297
0.740892
0.725718
0.732182
0.750898
0.712507
0.702671
0.725113
0.735670
0.737671
0.762827
0.760938
0.744237
0.752812
0.747371
0.727195
0.738068
0.726122
0.699521
0.704961
0.732939
0.721004
0.712531
0.706653
0.718731
0.736395
0.723878
0.740273
0.735890
0.741683
0.727315
0.724301
0.720458
0.732663
0.728347
0.728206
0.726532
0.736181
0.723709
0.742131
0.735618
0.738734
0.720597
0.726520
0.734257
0.715980
0.716677
0.744493
0.749429
0.750187
0.740449
0.753425
0.746970
0.740796
0.750167
0.727802
0.726250
0.721891
0.736213
0.750011
0.767991
0.762526
0.748389
0.740163
0.751116
0.730235
0.728349
0.739994
0.727286
0.753908
0.739250
0.743605
0.735647
0.737255
0.745185
0.739675
0.722572
0.717697
0.740276
0.743388
0.740561
0.781206
0.737507
0.739663
0.745844
0.738847
0.725095
0.711663
0.739906
0.738829
0.733294
0.736582
0.746535
0.736898
0.746632
0.747668
0.738508
0.735741
0.712417
0.739262
0.735376
0.733639
0.725870
0.711291
0.737641
0.764041
0.728063
0.738016
0.741937
0.737727
0.734046
0.748380
0.739693
0.724754
0.740984
0.721687
0.727959
0.718145
0.736974
0.728657
0.719766
0.738589
0.724231
0.710193
0.737490
0.742041
0.733225
0.754216
0.746078
0.722193
0.710037
0.724408
0.712841
0.746512
0.765185
0.718193
0.690321
0.709449
0.736500
0.746978
0.746257
0.740477
0.740956
0.726251
0.737740
0.715335
0.730695
0.731762
0.741489
0.733109
0.695226
0.716210
0.725686
0.740092
0.746041
0.739480
0.730410
0.726471
0.729770
0.731207
0.733769
0.683743
0.724525
0.766166
0.775193
0.733605
0.705847
0.677633
0.724450
0.731598
0.713889
0.697623
0.680106
0.665144
0.678225
0.705247
0.738411
0.723809
0.706065
0.686429
0.705527
0.718390
0.728955
0.753921
0.750044
0.746467
0.747299
0.756892
0.732907
0.749678
0.724334
0.738313
0.752349
0.740924
0.730023
0.722794
0.729727
0.728899
0.727864
0.756229
0.753281
0.757059
0.758053
0.736318
0.705082
0.699886
0.699889
0.694665
0.706512
0.715192
0.713902
0.733897
0.693201
0.710963
0.723115
0.737485
0.728381
0.740029
0.695209
0.723851
0.703285
0.736179
0.723501
0.729588
0.732054
0.726550
0.718435
0.709857
0.715500
0.704475
0.716843
0.736540
0.724094
0.715251
0.732369
0.731237
0.750475
0.736363
0.752448
0.737050
0.748647
0.738302
0.717841
0.721565
0.709782
0.723035
0.742342
0.736323
0.742825
0.762148
0.759613
0.745745
0.709004
0.687504
0.693614
0.705616
0.716730
0.749536
0.713246
0.706270
0.715283
0.711167
0.705765
0.737474
0.734340
0.732076
0.734277
0.735122
0.736213
0.738632
0.739212
0.741222
0.760485
0.755523
0.748201
0.718421
0.732975
0.714651
0.725954
0.729791
0.747043
0.706564
0.711130
0.727356
0.722398
0.742859
0.744753
0.746378
0.713070
0.709216
0.724407
0.739430
0.750630
0.763159
0.740113
0.731334
0.722638
0.729030
0.765524
0.753205
0.743225
0.716176
0.722516
0.695274
0.733686
0.725423
0.743261
0.736064
0.741486
0.739811
0.733712
0.734638
0.747292
0.754625
0.760799
0.779288
0.766264
0.741892
0.728149
0.728969
0.755023
0.738096
0.723377
0.728357
0.729241
0.747265
0.755526
0.733598
0.733876
0.738106
0.739563
0.750614
0.763626
0.757780
0.746804
0.754837
0.729179
0.721472
0.712117
0.736528
0.741329
0.733464
0.735091
0.730390
0.718046
0.722670
0.711027
0.695308
0.707307
0.700466
0.710556
0.709277
0.731918
0.725696
0.707810
0.705787
0.708950
0.735886
0.722729
0.721575
0.754444
0.767202
0.750261
0.740612
0.718824
0.711509
0.706150
0.711651
0.733830
0.745329
0.737682
0.742038
0.704963
0.751248
0.769799
0.750805
0.724797
0.697108
0.697139
0.708506
0.753006
0.746930
0.714468
0.696241
0.689972
0.720869
0.725971
0.742563
0.744218
0.750683
0.770691
0.779575
0.758359
0.741930
0.730765
0.730322
0.731119
0.730042
0.726996
0.744741
0.757619
0.742071
0.744628
0.769680
0.724418
0.736439
0.746302
0.707727
0.720723
0.721459
0.754841
0.754798
0.737631
0.751249
0.742309
0.733308
0.720617
0.712981
0.730545
0.730581
0.725363
0.728122
0.741725
0.737370
0.731827
0.727409
0.722428
0.729886
0.741118
0.724801
0.689514
0.715923
0.734592
0.736217
0.747423
0.742876
0.720447
0.716667
0.731132
0.731185
0.745292
0.728009
0.724936
0.725116
0.739779
0.745437
0.758614
0.739046
0.745346
0.750127
0.769191
0.765337
0.729664
0.723206
0.715841
0.743223
0.741864
0.760491
0.740212
0.724251
0.740102
0.755246
0.734263
0.720717
0.726882
0.743296
0.738309
0.739309
0.718485
0.740799
0.715555
0.716402
0.726992
0.745447
0.736648
0.754886
0.730221
0.727824
0.711492
0.718926
0.730645
0.751753
0.752935
0.745897
0.732935
0.747997
0.744845
0.731050
0.717638
0.734104
0.767695
0.763012
0.750434
0.736493
0.750266
0.735406
0.729718
0.755775
0.738112
0.761053
0.743056
0.731730
0.749349
0.729775
0.708440
0.688487
0.717540
0.717281
0.747783
0.727339
0.745896
0.730787
0.737691
0.721118
0.721923
0.723561
0.720377
0.718201
0.724191
0.722955
0.720622
0.722573
0.721886
0.724384
0.723880
0.723235
0.723081
0.723414
0.724040
0.724568
0.724496
0.724413
0.724692
0.724517
0.724636
0.723969
0.723834
0.723688
0.723509
0.723559
0.723551
0.723582
0.723442
0.723477
0.723521
0.723633
0.723296
0.723281
0.723356
0.723112
0.722967
0.723363
0.723468
0.723331
0.723615
0.723780
0.723543
0.723726
0.723675
0.723737
0.723823
0.723713
0.723897
0.723467
0.723835
0.723929
0.723789
0.723813
0.723651
0.723607
0.723679
0.723812
0.723778
0.724038
0.723838
0.724158
0.724344
0.724035
0.723638
0.723746
0.723638
0.723795
0.723639
0.723983
0.723659
0.724110
0.724337
0.724577
0.724178
0.724278
0.724382
0.724727
0.724333
0.725059
0.724667
0.725032
0.725404
0.725104
0.725259
0.725351
0.725304
0.725247
0.725301
0.725353
0.725589
0.725933
0.725564
0.725137
0.725423
0.725532
0.725450
0.725559
0.725459
0.725335
0.725851
0.725383
0.725073
0.725275
0.725480
0.725653
0.725169
0.725016
0.725292
0.725381
0.725298
0.725320
0.724907
0.725263
0.725405
0.725174
0.725197
0.725118
0.725014
0.725388
0.725199
0.725231
0.725123
0.725027
0.725435
0.724889
0.724886
0.724985
0.725179
0.724828
0.724906
0.724675
0.724781
0.724839
0.724387
0.724507
0.724663
0.724842
0.724290
0.724105
0.724149
0.724212
0.724667
0.724534
0.724300
0.724518
0.724625
0.724696
0.724224
0.724371
0.724259
0.724133
0.724429
0.724496
0.724382
0.724197
0.724512
0.724810
0.724352
0.724508
0.724268
0.724698
0.725100
0.725216
0.725226
0.725298
0.725355
0.725291
0.725545
0.725435
0.725753
0.725703
0.725520
0.725483
0.725844
0.726063
0.725752
0.725762
0.726310
0.726533
0.726389
0.726195
0.726413
0.726957
0.726930
0.726994
0.726911
0.726701
0.726902
0.726862
0.726779
0.726741
0.726978
0.726879
0.727186
0.726824
0.726693
0.727180
0.726922
0.726743
0.726736
0.726925
0.727107
0.727196
0.726906
0.727052
0.727154
0.727558
0.727514
0.727443
0.727578
0.727819
0.727774
0.727930
0.728364
0.728250
0.728386
0.728502
0.728464
0.728382
0.728845
0.728239
0.728775
0.729013
0.728473
0.728650
0.728705
0.728919
0.728390
0.728785
0.728922
0.728885
0.728520
0.728916
0.728908
0.728942
0.728515
0.728519
0.729287
0.729336
0.729327
0.729341
0.729436
0.729456
0.729628
0.729648
0.729351
0.729442
0.729362
0.729608
0.729350
0.729139
0.729259
0.729535
0.729284
0.729150
0.729373
0.729121
0.729754
0.729377
0.729353
0.729461
0.729380
0.729312
0.729238
0.729281
0.729441
0.729076
0.729553
0.729546
0.729360
0.728953
0.729291
0.729895
0.729176
0.729166
0.729437
0.729525
0.729706
0.729463
0.729670
0.729194
0.730118
0.729999
0.729712
0.729641
0.729680
0.729639
0.729843
0.730193
0.729650
0.729872
0.729760
0.729654
0.729729
0.729623
0.729673
0.729785
0.729373
0.729681
0.729580
0.729822
0.729497
0.729119
0.729304
0.729232
0.729261
0.729296
0.729243
0.728832
0.729170
0.729034
0.729275
0.728924
0.729048
0.729629
0.729695
0.729586
0.729635
0.729619
0.729808
0.730093
0.730013
0.729871
0.730192
0.730643
0.730517
0.730557
0.730361
0.730723
0.731187
0.731648
0.731684
0.731680
0.732200
0.731837
0.731987
0.731967
0.732506
0.732496
0.733099
0.732661
0.732513
0.732942
0.732553
0.732641
0.732840
0.732763
0.732613
0.732866
0.733064
0.733314
0.732895
0.733113
0.733398
0.733360
0.733411
0.732682
0.734267
0.731820
0.729666
0.728503
0.729478
0.729315
0.729733
0.729294
0.729381
0.729669
0.729251
0.729808
0.731718
0.734001
0.733381
0.733383
0.732676
0.732522
0.732251
0.732289
0.732060
0.732132
0.731800
0.731838
0.731871
0.731246
0.730722
0.730219
0.730207
0.730149
0.730569
0.730330
0.728780
0.729374
0.727381
0.726231
0.726181
0.725962
0.726474
0.726632
0.726920
0.726620
0.726416
0.726628
0.726499
0.726268
0.726943
0.726999
0.726471
0.726911
0.727093
0.726804
0.727016
0.726631
0.726922
0.727161
0.726906
0.726726
0.726105
0.726989
0.727011
