0.000000
0.999074
0.999665
0.999771
0.999654
0.998977
0.999666
0.999728
0.999714
0.994875
0.992735
0.992486
0.992131
0.991670
0.991430
0.992929
0.998436
0.952796
0.999321
0.984342
0.942061
0.541604
0.458147
0.514122
0.460076
0.528475
0.428137
0.467175
0.464654
0.495981
0.505911
0.509825
0.506285
0.506279
0.503347
0.497892
0.488283
0.483190
0.482931
0.484098
0.486318
0.491583
0.499625
0.523166
0.653336
0.623357
0.537339
0.555990
0.566283
0.560434
0.558802
0.563556
0.584929
0.600404
0.660302
0.630704
0.452304
0.488275
0.416080
0.391629
0.360519
0.389820
0.469053
0.424826
0.502222
0.510399
0.452869
0.493094
0.633591
0.588595
0.610234
0.644368
0.756570
0.732148
0.713877
0.710812
0.793952
0.791832
0.846491
0.839457
0.766954
0.736937
0.813479
0.823731
0.829838
0.845133
0.739636
0.751915
0.778281
0.783529
0.724305
0.759692
0.792009
0.786585
0.809581
0.781303
0.774433
0.775086
0.795436
0.764433
0.819094
0.814647
0.790976
0.760417
0.768029
0.774760
0.743138
0.713069
0.794392
0.820024
0.711062
0.717574
0.753293
0.774948
0.787531
0.788749
0.732625
0.713685
0.774212
0.768173
0.697290
0.715760
0.816434
0.811050
0.810732
0.765143
0.813646
0.783669
0.789785
0.798180
0.717331
0.741797
0.778727
0.745227
0.746076
0.725415
0.753764
0.765165
0.817858
0.791509
0.782005
0.810358
0.745389
0.729706
0.801446
0.808393
0.766068
0.759606
0.781090
0.748867
0.789709
0.832095
0.817700
0.752208
0.821697
0.823122
0.794247
0.804836
0.778568
0.770993
0.849767
0.817719
0.815134
0.785945
0.792759
0.778070
0.737888
0.737888
0.769380
0.793126
0.756972
0.753155
0.735022
0.748377
0.758817
0.755945
0.802813
0.809605
0.769428
0.782393
0.788800
0.767005
0.834046
0.834046
0.780381
0.781467
0.821034
0.832686
0.824879
0.787661
0.828458
0.835675
0.825664
0.782058
0.788729
0.794230
0.757225
0.717639
0.739259
0.733983
0.776574
0.767782
0.817947
0.813919
0.767237
0.741626
0.752322
0.770340
0.819762
0.810887
0.847606
0.868732
0.831989
0.793850
0.821215
0.842369
0.814264
0.820967
0.792570
0.806401
0.737632
0.758060
0.812515
0.798976
0.814608
0.807132
0.831630
0.767861
0.787098
0.783430
0.772199
0.827500
0.767589
0.791446
0.800019
0.755541
0.873040
0.807010
0.779309
0.751277
0.758079
0.754069
0.772439
0.784804
0.779545
0.785323
0.714869
0.701629
0.807658
0.736624
0.846927
0.836011
0.829245
0.821628
0.758395
0.759809
0.764158
0.775523
0.847465
0.838045
0.816307
0.854154
0.838794
0.828336
0.815507
0.792368
0.773998
0.750776
0.796961
0.795387
0.782364
0.765897
0.765114
0.787544
0.794434
0.825620
0.782167
0.814921
0.773962
0.747095
0.813439
0.812772
0.739248
0.754231
0.750124
0.750124
0.804049
0.815296
0.765298
0.808618
0.799737
0.768577
0.765736
0.778854
0.747483
0.768983
0.840392
0.824264
0.759430
0.810208
0.841725
0.788151
0.846298
0.843238
0.771155
0.812782
0.832193
0.803516
0.826849
0.829614
0.838348
0.821610
0.792481
0.753223
0.787195
0.787876
0.737825
0.764037
0.791242
0.840080
0.837798
0.821878
0.761439
0.752374
0.805615
0.815994
0.776583
0.783478
0.743435
0.735376
0.844777
0.847619
0.812189
0.760638
0.753240
0.759210
0.804554
0.803462
0.757965
0.730208
0.790518
0.792103
0.864691
0.863634
0.839739
0.841978
0.846586
0.867109
0.837544
0.837507
0.821533
0.798987
0.887350
0.880491
0.808231
0.786458
0.799381
0.804577
0.823973
0.775754
0.895636
0.860664
0.795389
0.812210
0.812295
0.791156
0.838872
0.837308
0.815487
0.798773
0.843169
0.858526
0.810828
0.836700
0.819519
0.798135
0.765059
0.779651
0.718832
0.731975
0.781585
0.751685
0.780594
0.766851
0.883306
0.849358
0.759938
0.768786
0.798618
0.830524
0.803769
0.792749
0.835460
0.837894
0.820285
0.853180
0.742399
0.736869
0.873475
0.876286
0.865580
0.861729
0.813598
0.802865
0.836790
0.853475
0.812156
0.806123
0.892501
0.860270
0.808591
0.788380
0.817466
0.815109
0.742245
0.729074
0.819873
0.790873
0.836636
0.845308
0.828188
0.828844
0.848358
0.861508
0.853063
0.829467
0.877564
0.855796
0.785946
0.816349
0.872324
0.866203
0.800593
0.868459
0.756875
0.783889
0.877826
0.835604
0.847272
0.819051
0.867420
0.867969
0.849370
0.849176
0.812253
0.820048
0.783252
0.768515
0.737950
0.759157
0.790266
0.777260
0.856644
0.825513
0.820997
0.814890
0.836272
0.835358
0.840860
0.809447
0.784840
0.795515
0.825074
0.820177
0.836509
0.836397
0.800270
0.795238
0.814080
0.810160
0.816295
0.786403
0.856599
0.818374
0.808155
0.775545
0.841074
0.824637
0.842597
0.862765
0.808180
0.805431
0.844055
0.862249
0.841845
0.830167
0.830312
0.858921
0.778639
0.820989
0.860936
0.778173
0.826881
0.791274
0.804557
0.816769
0.776302
0.778710
0.795829
0.835693
0.778092
0.779809
0.827711
0.840765
0.740647
0.762335
0.777385
0.778029
0.813734
0.807843
0.791407
0.799204
0.807050
0.771330
0.735640
0.750733
0.867445
0.846631
0.788392
0.802555
0.844301
0.853434
0.751694
0.757149
0.870218
0.856211
0.812407
0.752048
0.742792
0.749516
0.862509
0.857105
0.853716
0.854323
0.897026
0.862249
0.834232
0.823328
0.794678
0.788904
0.821262
0.810163
0.776497
0.792354
0.793834
0.764954
0.756419
0.749276
0.793890
0.775638
0.773184
0.790989
0.893758
0.862806
0.855100
0.850809
0.793358
0.831017
0.749649
0.755281
0.765046
0.772067
0.800771
0.789319
0.818221
0.844403
0.828350
0.795958
0.805126
0.812586
0.864003
0.822718
0.858947
0.838558
0.758253
0.757132
0.803487
0.803487
0.827787
0.816012
0.873683
0.810806
0.834544
0.807229
0.874060
0.841583
0.789928
0.789624
0.830353
0.810737
0.823086
0.825516
0.768592
0.787689
0.890855
0.854366
0.845725
0.856244
0.891156
0.879483
0.745168
0.769323
0.789143
0.810429
0.807679
0.818834
0.867718
0.852763
0.850006
0.860085
0.832293
0.820069
0.838669
0.797641
0.824655
0.830473
0.795697
0.812236
0.809230
0.768611
0.794339
0.809872
0.876056
0.874482
0.838901
0.825731
0.829907
0.810019
0.847693
0.858507
0.765091
0.776471
0.786323
0.756744
0.860856
0.815607
0.779147
0.762562
0.806781
0.769218
0.811299
0.791820
0.876977
0.857891
0.831520
0.833550
0.813577
0.803418
0.765721
0.732766
0.784325
0.799318
0.845909
0.842891
0.775151
0.814004
0.868645
0.861345
0.792024
0.816803
0.792343
0.782524
0.864501
0.844680
0.806470
0.783890
0.837764
0.834377
0.876640
0.860884
0.843949
0.844693
0.786739
0.780935
0.807689
0.807689
0.838560
0.788032
0.814290
0.834430
0.821798
0.824528
0.884734
0.891523
0.816982
0.786214
0.861790
0.794564
0.834577
0.827261
0.868177
0.899211
0.868492
0.840150
0.784735
0.786634
0.834143
0.821437
0.876198
0.872768
0.835577
0.850090
0.825045
0.833585
0.793228
0.762709
0.833309
0.824589
0.830732
0.811804
0.839580
0.842254
0.818116
0.786241
0.861590
0.862887
0.854860
0.854916
0.798478
0.810809
0.827780
0.832749
0.853938
0.868327
0.804621
0.813361
0.824220
0.809212
0.840254
0.823247
0.843716
0.842817
0.757641
0.762236
0.818682
0.812148
0.844048
0.849097
0.852423
0.815860
0.823137
0.797605
0.795959
0.803441
0.864337
0.808177
0.835811
0.830245
0.848324
0.838027
0.779688
0.808676
0.859272
0.844900
0.835253
0.840987
0.854334
0.868207
0.810350
0.779525
0.836316
0.830860
0.782890
0.794652
0.817366
0.835172
0.804083
0.791019
0.859708
0.854784
0.872665
0.886133
0.824561
0.748193
0.791775
0.793394
0.837722
0.792078
0.824405
0.819043
0.838684
0.848948
0.855249
0.852664
0.860315
0.860117
0.864715
0.872295
0.844715
0.838817
0.819997
0.846792
0.833963
0.833963
0.893394
0.903979
0.882890
0.851540
0.811129
0.849557
0.814819
0.813937
0.842121
0.826375
0.824553
0.822461
0.840041
0.855070
0.812735
0.802967
0.869153
0.825003
0.857617
0.865452
0.842098
0.867906
0.789071
0.779513
0.890015
0.860543
0.849151
0.842154
0.860104
0.849936
0.833281
0.837630
0.840634
0.836105
0.864638
0.852959
0.866369
0.870823
0.858686
0.850482
0.912177
0.902445
0.889272
0.878005
0.816156
0.815816
0.894666
0.831404
0.849633
0.834985
0.802438
0.811281
0.900081
0.893452
0.869763
0.808246
0.907847
0.839646
0.892511
0.877457
0.862757
0.838193
0.807569
0.803031
0.802067
0.733348
0.857022
0.845103
0.846007
0.854887
0.844988
0.836202
0.857800
0.856971
0.845328
0.879499
0.782779
0.778271
0.830985
0.803226
0.817138
0.829383
0.850366
0.848071
0.825570
0.820266
0.891124
0.878585
0.792187
0.826727
0.809658
0.816201
0.814353
0.811343
0.838998
0.865357
0.861980
0.858546
0.861229
0.846799
0.901931
0.871247
0.843838
0.850351
0.812402
0.815263
0.850278
0.852596
0.913138
0.864270
0.833076
0.837630
0.823128
0.823212
0.900302
0.899002
0.855169
0.857852
0.931629
0.893972
0.870724
0.854103
0.783811
0.780373
0.854654
0.841593
0.819512
0.818627
0.834683
0.865237
0.861399
0.824704
0.837068
0.848131
0.856194
0.853065
0.849293
0.839740
0.812611
0.829921
0.834364
0.840376
0.810685
0.751255
0.827890
0.782276
0.862509
0.865659
0.839915
0.829129
0.818135
0.761519
0.868731
0.881513
0.900904
0.891348
0.860092
0.878965
0.847598
0.841238
0.861569
0.886394
0.846635
0.867442
0.902047
0.891683
0.824828
0.792252
0.860892
0.867277
0.841517
0.847763
0.767958
0.777661
0.823308
0.833593
0.849042
0.797795
0.906856
0.895936
0.847881
0.833389
0.837131
0.845725
0.885030
0.832958
0.804184
0.835858
0.846550
0.871296
0.819935
0.823541
0.792056
0.803527
0.833072
0.807704
0.842339
0.827621
0.903600
0.885954
0.810054
0.855896
0.811944
0.828961
0.857655
0.859122
0.833113
0.782321
0.766831
0.802657
0.879727
0.879227
0.833201
0.862542
0.800996
0.788186
0.846628
0.846218
0.789656
0.801397
0.817353
0.776519
0.821037
0.816096
0.838314
0.847343
0.759682
0.803915
0.811938
0.817963
0.830748
0.819789
0.858853
0.810326
0.815220
0.803312
0.906084
0.881528
0.873390
0.879380
0.874962
0.885878
0.898515
0.883957
0.863800
0.846464
0.820907
0.837803
0.830254
0.844220
0.877044
0.884646
0.851068
0.838871
0.859472
0.837473
0.833460
0.805545
0.834090
0.835067
0.854121
0.849833
0.814398
0.824706
0.871194
0.873233
0.795057
0.830397
0.903074
0.872160
0.831536
0.838142
0.889733
0.839426
0.807528
0.823243
0.823582
0.822334
0.789040
0.812596
0.863266
0.851716
0.844050
0.838452
0.891889
0.898296
0.871211
0.857100
0.878946
0.878994
0.857159
0.827713
0.895586
0.878047
0.819905
0.810376
0.767770
0.803159
0.871868
0.852484
0.846611
0.841629
0.850503
0.864177
0.830894
0.808099
0.850830
0.854094
0.832925
0.848636
0.784154
0.786889
0.807474
0.823426
0.824624
0.816916
0.849321
0.850101
0.842013
0.778910
0.854208
0.877952
0.833536
0.843002
0.860414
0.891487
0.903919
0.904321
0.882238
0.843425
0.814071
0.821999
0.868751
0.858403
0.877514
0.869498
0.869966
0.840636
0.850914
0.855858
0.852705
0.862018
0.858322
0.841333
0.875247
0.859710
0.801343
0.830787
0.885392
0.869521
0.807325
0.834122
0.803048
0.858643
0.818295
0.827056
0.805929
0.790829
0.821928
0.812993
0.869858
0.846207
0.804171
0.792722
0.841803
0.887209
0.806102
0.818602
0.841654
0.813456
0.804181
0.823777
0.849222
0.826365
0.846090
0.860781
0.844688
0.846379
0.792961
0.826758
0.798380
0.773863
0.896803
0.872747
0.808652
0.820391
0.789557
0.764666
0.827707
0.835358
0.831127
0.842394
0.796553
0.791683
0.859618
0.859386
0.800223
0.779370
0.836101
0.841266
0.811044
0.840537
0.858995
0.872632
0.922636
0.889706
0.854927
0.859576
0.817522
0.822103
0.867307
0.871965
0.818507
0.798537
0.874447
0.865844
0.849544
0.833270
0.831768
0.820120
0.854602
0.853991
0.815667
0.807692
0.858129
0.862289
0.877543
0.888998
0.816089
0.766749
0.895234
0.865592
0.816356
0.773797
0.799413
0.826853
0.921702
0.914662
0.837622
0.851610
0.875030
0.842261
0.901140
0.858849
0.876963
0.858932
0.857597
0.827961
0.880980
0.877264
0.818503
0.825900
0.895872
0.903596
0.837574
0.817618
0.814998
0.835641
0.802876
0.814889
0.832503
0.847399
0.840255
0.849469
0.884526
0.848031
0.820177
0.820515
0.790136
0.799525
0.822893
0.833173
0.896851
0.885508
0.811573
0.853274
0.866130
0.826800
0.894876
0.907773
0.881223
0.863753
0.886441
0.881228
0.917359
0.866600
0.855136
0.842924
0.887910
0.874170
0.943660
0.887469
0.834789
0.852840
0.858548
0.863254
0.832498
0.837430
0.902385
0.897421
0.832878
0.856882
0.835459
0.846043
0.827716
0.814805
0.832871
0.831646
0.887953
0.864830
0.865077
0.851886
0.869983
0.866244
0.848232
0.805789
0.905788
0.916294
0.844344
0.800922
0.811052
0.804448
0.890578
0.901839
0.917874
0.902871
0.871769
0.896701
0.870438
0.841606
0.863787
0.868220
0.835813
0.840276
0.860596
0.863743
0.829698
0.828709
0.825652
0.824161
0.823748
0.824059
0.823334
0.823706
0.823580
0.823466
0.822699
0.821919
0.819513
0.819461
0.822713
0.822081
0.825268
0.825629
0.825258
0.824839
0.824108
0.823685
0.820667
0.820715
0.859380
0.834799
0.827687
0.802069
0.889699
0.867009
0.885681
0.859519
0.856508
0.838466
0.882251
0.873331
0.853173
0.855361
0.834801
0.829771
0.824964
0.825577
0.064676
0.277882
0.178521
0.080407
0.815928
0.816457
0.816177
0.816363
0.815779
0.815414
0.814804
0.814420
0.809004
0.810773
0.635220
0.676641
0.503942
0.492386
0.517153
0.450373
0.227759
0.205882
0.368301
0.241531
0.778546
0.786888
0.810465
0.809490
0.791598
0.799067
0.789951
0.785521
0.807896
0.807729
0.808070
0.808806
0.810083
0.810155
0.812149
0.811803
0.811155
0.810217
0.809744
0.809435
0.809874
0.810734
0.811414
0.811792
0.812925
0.812402
0.811148
0.811148
0.811063
0.811546
0.009837
0.029659
0.006327
0.004767
0.003395
0.002971
0.008374
0.009028
0.010974
0.033673
0.898676
0.911370
0.958006
0.907560
0.974673
0.937230
0.972700
0.966902
0.927345
0.932773
0.959530
0.965115
0.953645
0.940266
0.927138
0.927138
0.973901
0.939657
0.930781
0.910419
0.958003
0.911497
0.927933
0.939450
0.910094
0.901175
0.951471
0.961597
0.942952
0.959305
0.889647
0.873189
0.987047
0.952190
0.937585
0.937978
0.946402
0.961780
0.942478
0.936344
0.938768
0.938768
0.981337
0.940951
0.935646
0.949286
0.978892
0.972733
0.951083
0.956836
0.955720
0.895499
0.978735
0.902521
0.960383
0.875754
0.967066
0.936257
0.957128
0.940548
0.944077
0.949002
0.933674
0.920572
0.957294
0.901620
0.911026
0.903069
0.962602
0.900024
0.912417
0.920596
0.971317
0.969109
0.979013
0.938158
0.933257
0.925695
0.927130
0.922704
0.957212
0.946159
0.919996
0.925993
0.969223
0.938124
0.973398
0.968628
0.917260
0.897684
0.943052
0.915008
0.874867
0.935992
0.935897
0.863515
0.886332
0.875594
0.879678
0.868924
0.948961
0.912619
0.911507
0.877791
0.892509
0.884590
0.987008
0.913196
0.963476
0.935986
0.949501
0.950546
0.943167
0.883704
0.897669
0.937312
0.954433
0.845428
0.927133
0.902302
0.944231
0.907999
0.985356
0.923078
0.968234
0.917567
0.954534
0.958695
0.858308
0.857163
0.925600
0.880343
0.936268
0.921905
0.874398
0.935092
0.945046
0.878611
0.980603
0.964650
0.974052
0.968391
0.950274
0.887010
0.929298
0.919946
0.934733
0.966230
0.871481
0.911267
0.837218
0.895205
0.876732
0.843571
0.551298
0.571564
0.793329
0.844100
0.635863
0.617931
0.647618
0.625209
0.616714
0.621262
0.514227
0.519158
0.430617
0.383680
0.570736
0.485338
0.570751
0.583883
0.423239
0.451667
0.571583
0.459337
0.445854
0.414389
0.453658
0.356338
0.442176
0.512876
0.402644
0.386496
0.400307
0.377234
0.329578
0.346711
0.390325
0.390496
0.427311
0.421090
0.342915
0.449962
0.421621
0.428177
0.436710
0.422167
0.433538
0.432852
0.432234
0.435322
0.425384
0.433182
0.362674
0.359477
0.395702
0.389868
0.401345
0.389428
0.360625
0.364730
0.359307
0.358895
0.396985
0.394123
0.385518
0.387153
0.369934
0.372425
0.388258
0.383104
0.387005
0.386659
0.452228
0.450755
0.426311
0.417329
0.394294
0.391946
0.386982
0.390996
0.316217
0.396620
0.547906
0.444335
0.706466
0.766851
0.988232
0.946443
0.999815
0.996873
0.999827
0.999344
0.362917
0.373903
0.347799
0.391706
0.391070
0.344148
0.939718
0.863361
0.936970
0.858434
0.706103
0.597635
0.369680
0.370824
0.802123
0.814495
0.752919
0.582288
0.836037
0.733561
0.900335
0.860395
0.549791
0.591122
0.404712
0.405669
0.504578
0.504048
0.484960
0.479438
0.494999
0.493445
0.486089
0.484886
0.483002
0.485124
0.495318
0.491119
0.487436
0.489551
0.473642
0.476668
0.459520
0.457783
0.447850
0.448113
0.433814
0.435690
0.434933
0.435663
0.437415
0.436296
0.442658
0.443135
0.449633
0.450061
0.458328
0.460730
0.464245
0.464567
0.463898
0.462474
0.468252
0.470042
0.472071
0.472378
0.464117
0.464425
0.466619
0.466876
0.467952
0.469735
0.475126
0.474594
0.480488
0.482062
0.487984
0.489441
0.503165
0.502171
0.500639
0.500185
0.492414
0.488076
0.000167
0.000226
0.000141
0.000174
0.000255
0.000274
0.019149
0.212468
0.127868
0.090646
0.338145
0.336335
0.599256
0.583302
0.634947
0.639487
0.676949
0.187335
0.000491
0.000652
0.111264
0.637678
0.654792
0.657843
0.672856
0.665106
0.682685
0.683034
0.000209
0.000211
0.000164
0.000242
0.000972
0.000773
0.004069
0.004692
0.000623
0.000264
0.000143
0.000129
0.000177
0.000210
0.000129
0.000214
0.000130
0.000151
0.000110
0.000086
0.000200
0.000422
0.601072
0.634003
0.639921
0.640538
0.635076
0.634889
0.638089
0.637491
0.638239
0.637480
0.628646
0.628314
0.623089
0.624316
0.617565
0.617668
0.628673
0.627424
0.624901
0.624907
0.624907
0.625499
0.627435
0.627465
0.626960
0.625977
0.627785
0.628763
0.627730
0.627871
0.632250
0.631625
0.637801
0.629941
0.629998
0.638947
0.592784
0.589623
0.596308
0.593242
0.603447
0.611077
0.564725
0.579214
0.450180
0.483034
0.360045
0.307373
0.292578
0.256923
0.356660
0.384330
0.395411
0.376633
0.447388
0.483168
0.514448
0.459708
0.011218
0.501911
0.590735
0.578131
0.700146
0.669881
0.661059
0.668151
0.625959
0.599441
0.670360
0.658767
0.656395
0.609131
0.713330
0.711684
0.713484
0.679243
0.680305
0.662466
0.670592
0.695853
0.826347
0.805842
0.690358
0.704545
0.584049
0.585432
0.717166
0.693484
0.732965
0.724623
0.704988
0.703081
0.649693
0.646840
0.677805
0.670272
0.780862
0.757294
0.006187
0.730268
0.010249
0.005374
0.671435
0.658152
0.690787
0.732874
0.344290
0.321514
0.080244
0.081992
0.545822
0.575906
0.638687
0.524693
0.234965
0.209055
0.647746
0.599158
0.534878
0.497363
0.031611
0.034381
0.271779
0.418367
0.399917
0.437506
0.173107
0.230089
0.543697
0.529501
0.541381
0.510004
0.097294
0.097929
0.071758
0.071685
0.444929
0.113867
0.164541
0.480475
0.146935
0.434121
0.214037
0.258288
0.483410
0.473369
0.475146
0.096817
0.476820
0.402759
0.474647
0.473079
0.164601
0.263132
0.184714
0.207961
0.323034
0.269373
0.108595
0.108343
0.396416
0.307067
0.149881
0.116520
0.472211
0.483808
0.393447
0.406349
0.375227
0.340168
0.477815
0.439131
0.458169
0.438606
0.467839
0.472447
0.239217
0.343404
0.485859
0.476769
0.257122
0.333304
0.566629
0.568380
0.515865
0.472432
0.361116
0.342485
0.484191
0.505603
0.180136
0.226705
0.504944
0.523150
0.314047
0.368945
0.218575
0.107606
0.478886
0.520233
0.577635
0.558576
0.557564
0.577489
0.576749
0.542557
0.634241
0.643858
0.541450
0.508011
0.560607
0.562626
0.560647
0.523366
0.580811
0.574432
0.006631
0.007529
0.006646
0.006318
0.012344
0.546682
0.540714
0.549737
0.566651
0.572422
0.604183
0.609248
0.584739
0.563096
0.596018
0.586697
0.545111
0.554054
0.601124
0.599739
0.584785
0.562318
0.618140
0.613412
0.555493
0.572890
0.559834
0.547233
0.578782
0.593991
0.565679
0.569999
0.559077
0.562115
0.578384
0.609585
0.558363
0.539841
0.561216
0.571387
0.533459
0.541064
0.547629
0.548319
0.571221
0.598531
0.615895
0.576761
0.505022
0.501361
0.572209
0.584035
0.546614
0.571992
0.540381
0.542312
0.511944
0.475053
0.608059
0.584593
0.559923
0.583496
0.566070
0.582519
0.554513
0.575039
0.539092
0.531697
0.497837
0.521542
0.572423
0.547992
0.518587
0.521067
0.545357
0.552085
0.602490
0.591972
0.583655
0.529339
0.570516
0.545001
0.555375
0.519586
0.549287
0.543222
0.580959
0.599425
0.596293
0.596446
0.543891
0.563664
0.500615
0.493773
0.550614
0.535378
0.529945
0.505696
0.580825
0.550340
0.522412
0.524617
0.539468
0.548489
0.543753
0.567198
0.467740
0.475016
0.480961
0.496296
0.570479
0.563082
0.524664
0.509712
0.563013
0.585758
0.544177
0.548734
0.520751
0.545248
0.540204
0.547280
0.556260
0.556088
0.542893
0.533263
0.539339
0.533251
0.543725
0.523537
0.563242
0.576074
0.598814
0.596436
0.583272
0.583006
0.568920
0.569164
0.000280
0.001948
0.000135
0.000227
0.000106
0.000117
0.000210
0.000129
0.000164
0.000131
0.000066
0.000132
0.000139
0.000084
0.000123
0.000105
0.000086
0.000160
0.000107
0.000116
0.000090
0.000169
0.000139
0.000235
0.000157
0.000140
0.000126
0.000087
0.000106
0.000100
0.000188
0.000134
0.000110
0.000140
0.000110
0.000177
0.000162
0.000226
0.000192
0.000189
0.000124
0.000216
0.000122
0.000175
0.000171
0.000111
0.000185
0.000264
0.000140
0.000203
0.000135
0.000221
0.000155
0.000093
0.000161
0.000072
0.000165
0.000235
0.000130
0.000168
0.000122
0.000197
0.000101
0.000204
0.000151
0.000195
0.000163
0.000324
0.000173
0.000274
0.000107
0.000088
0.000143
0.000277
0.000190
0.000126
0.000185
0.000205
0.000062
0.000173
0.000158
0.000166
0.000124
0.000202
0.000135
0.000070
0.000124
0.000087
0.000210
0.000175
0.000147
0.000163
0.000209
0.000136
0.000101
0.000126
0.000132
0.000158
0.000089
0.000160
0.000162
0.000159
0.000184
0.000177
0.000108
0.000200
0.000111
0.000118
0.000105
0.000108
0.000153
0.000210
0.000091
0.000136
0.000172
0.000148
0.000157
0.000191
0.000100
0.000138
0.000144
0.000156
0.000123
0.000169
0.000104
0.000129
0.000123
0.000304
0.000100
0.000112
0.000090
0.000195
0.000185
0.000286
0.000154
0.000202
0.000152
0.000265
0.000152
0.000113
0.000290
0.000223
0.000202
0.000175
0.000134
0.000221
0.000247
0.000185
0.000143
0.000102
0.000244
0.000177
0.000247
0.000150
0.000151
0.000167
0.007534
0.372401
0.644794
0.644765
0.645219
0.644302
0.643367
0.643501
0.642693
0.642706
0.642625
0.641890
0.639464
0.641122
0.638801
0.639178
0.637700
0.637697
0.635926
0.635564
0.633919
0.634132
0.634309
0.633840
0.633846
0.634372
0.633734
0.633876
0.634038
0.634576
0.634675
0.635234
0.636192
0.635999
0.637004
0.637011
0.639010
0.639150
0.641344
0.640976
0.643785
0.643188
0.645498
0.645700
0.647473
0.646910
0.648699
0.648710
0.649514
0.649037
0.649719
0.649366
0.649479
0.649089
0.649319
0.649542
0.648897
0.648265
0.648389
0.648831
0.648623
0.648404
0.649031
0.648214
0.648311
0.648064
0.648414
0.648131
0.646915
0.647435
0.646053
0.646120
0.644905
0.645565
0.643032
0.643316
