0.000000
0.989938
0.991437
0.995278
0.995714
0.994994
0.995926
0.997021
0.994802
0.993768
0.994579
0.995227
0.997122
0.996737
0.996666
0.996565
0.996767
0.996899
0.997122
0.996798
0.996301
0.996271
0.996838
0.995430
0.994184
0.994163
0.996899
0.997031
0.997284
0.997071
0.996818
0.996717
0.994325
0.995400
0.996626
0.995197
0.994437
0.995268
0.996778
0.997092
0.996970
0.996919
0.996970
0.996626
0.996869
0.996707
0.996352
0.995744
0.995957
0.995876
0.995329
0.995866
0.996433
0.997153
0.997791
0.997001
0.996980
0.993910
0.997497
0.996940
0.997791
0.997477
0.989451
0.997325
0.993677
0.997092
0.995835
0.994001
0.997051
0.993373
0.997477
0.993677
0.997274
0.996757
0.997527
0.994832
0.996534
0.997071
0.997629
0.996727
0.995278
0.997710
0.997031
0.991904
0.996089
0.995136
0.994903
0.994366
0.995349
0.995815
0.995734
0.995055
0.990039
0.991691
0.994751
0.992968
0.994325
0.995217
0.995501
0.995866
0.996068
0.996393
0.996514
0.996301
0.997132
0.996990
0.997365
0.997274
0.997325
0.997477
0.997487
0.991417
0.989928
0.989472
0.995815
0.997092
0.997102
0.997031
0.997011
0.997031
0.997223
0.997011
0.997092
0.997173
0.997071
0.997031
0.996676
0.996697
0.994964
0.994194
0.995207
0.995329
0.991194
0.993484
0.993961
0.995815
0.995045
0.994143
0.994123
0.993717
0.992430
0.990424
0.991174
0.992289
0.994579
0.995055
0.995379
0.995359
0.996099
0.995521
0.995815
0.996129
0.996190
0.995400
0.995785
0.995450
0.995926
0.995916
0.995704
0.995582
0.995643
0.995815
0.995926
0.996159
0.991093
0.990424
0.988934
0.992897
0.996241
0.994751
0.994974
0.993251
0.992522
0.990424
0.994336
0.996099
0.995896
0.996474
0.996524
0.886295
0.747591
0.625627
0.803962
0.714749
0.778588
0.777616
0.754887
0.746527
0.787394
0.824239
0.666879
0.644272
0.646512
0.597274
0.591610
0.575356
0.651173
0.596109
0.614349
0.643826
0.608056
0.651203
0.601520
0.664062
0.605036
0.643472
0.707980
0.713969
0.641131
0.650514
0.630278
0.633105
0.806019
0.971151
0.980544
0.977251
0.987911
0.992441
0.981203
0.989897
0.981628
0.992714
0.993900
0.997355
0.994042
0.997436
0.990789
0.993079
0.994589
0.994528
0.996159
0.996828
0.987445
0.986817
0.993282
0.997183
0.995987
0.985135
0.921032
0.621300
0.452298
0.465917
0.574120
0.607347
0.517019
0.584202
0.627410
0.638101
0.608786
0.570766
0.639084
0.577109
0.622182
0.583422
0.726301
0.600010
0.612515
0.611055
0.705477
0.621928
0.684805
0.756660
0.749313
0.693327
0.654638
0.695678
0.702255
0.679891
0.662005
0.661033
0.675868
0.652065
0.642945
0.628160
0.625921
0.602584
0.605442
0.609444
0.614349
0.623195
0.628920
0.630602
0.632021
0.633642
0.634717
0.622030
0.688382
0.779926
0.681998
0.678979
0.678036
0.656158
0.598348
0.637949
0.597872
0.679424
0.624664
0.743082
0.654375
0.671794
0.678725
0.673750
0.609910
0.618139
0.688180
0.682849
0.618382
0.600304
0.652916
0.599726
0.604489
0.615990
0.934489
0.978447
0.989958
0.987911
0.975427
0.983067
0.986908
0.988134
0.987789
0.992066
0.997690
0.997335
0.998906
0.997983
0.995582
0.998287
0.996271
0.996879
0.998369
0.997639
0.997305
0.998075
0.993555
0.997142
0.998723
0.999250
0.991032
0.989157
0.984901
0.987485
0.984648
0.979875
0.962000
0.977818
0.979875
0.923170
0.583077
0.981446
0.986877
0.987658
0.986675
0.985175
0.980473
0.988245
0.991974
0.995612
0.996707
0.998632
0.996757
0.999108
0.999047
0.998652
0.996879
0.998784
0.995197
0.997092
0.996453
0.997173
0.996089
0.996575
0.998247
0.998186
0.998105
0.998267
0.993201
0.998004
0.997396
0.994579
0.997548
0.997517
0.996838
0.996646
0.996453
0.996757
0.996869
0.996595
0.964635
0.969367
0.981679
0.971728
0.980200
0.937691
0.967878
0.972539
0.928844
0.911557
0.830673
0.849167
0.953965
0.954684
0.927649
0.976825
0.962679
0.968526
0.960004
0.911486
0.874611
0.878138
0.919005
0.959467
0.980554
0.976734
0.970543
0.968820
0.962527
0.959315
0.960825
0.962598
0.962355
0.957805
0.958788
0.954694
0.955130
0.959812
0.960622
0.963763
0.966499
0.966054
0.901991
0.951877
0.965942
0.780676
0.781628
0.613173
0.688706
0.636247
0.555860
0.686862
0.575336
0.709014
0.616507
0.638050
0.644556
0.612910
0.627076
0.620226
0.670102
0.629397
0.616487
0.719785
0.618118
0.600476
0.676232
0.623053
0.546861
0.642175
0.560288
0.635304
0.630167
0.641202
0.648508
0.592116
0.636095
0.672432
0.625982
0.609738
0.595744
0.639935
0.590404
0.697786
0.657101
0.595967
0.675381
0.650028
0.566003
0.624269
0.597609
0.641881
0.632011
0.559487
0.617449
0.608745
0.610316
0.586776
0.603273
0.647332
0.638283
0.630501
0.643188
0.637939
0.613427
0.669433
0.640695
0.640026
0.644718
0.661519
0.633298
0.655520
0.584608
0.632882
0.591985
0.559163
0.538420
0.636470
0.653615
0.674013
0.631231
0.659847
0.655176
0.696935
0.584202
0.599169
0.601155
0.667579
0.663758
0.666474
0.617652
0.670548
0.608279
0.639216
0.594761
0.574525
0.569904
0.525926
0.587789
0.578974
0.587627
0.557532
0.597983
0.683214
0.590110
0.577747
0.695222
0.759447
0.635507
0.594751
0.747520
0.674733
0.652004
0.680711
0.731145
0.702315
0.693874
0.680965
0.651558
0.656858
0.664569
0.682799
0.683285
0.686680
0.665025
0.667913
0.681360
0.677418
0.657729
0.656827
0.654122
0.650616
0.636926
0.183868
0.052632
0.336201
0.646856
0.656169
