0.000000
0.984171
0.984264
0.984208
0.984120
0.984213
0.984109
0.984087
0.984246
0.984148
0.984123
0.984280
0.984242
0.984293
0.984204
0.984188
0.984328
0.984332
0.984229
0.984152
0.984093
0.984800
0.984299
0.983430
0.982892
0.981003
0.979577
0.975824
0.978977
0.979509
0.980547
0.980899
0.980193
0.980999
0.982200
0.982414
0.982072
0.981825
0.982029
0.982661
0.982258
0.981543
0.982247
0.982099
0.982414
0.982816
0.982189
0.982935
0.982234
0.978240
0.979593
0.977845
0.973957
0.974597
0.974664
0.976028
0.972710
0.974389
0.975775
0.974436
0.977133
0.974370
0.977210
0.975735
0.977983
0.977044
0.975945
0.978703
0.978289
0.977810
0.978604
0.978821
0.978982
0.979043
0.976858
0.978858
0.979938
0.978893
0.980918
0.980169
0.981478
0.981231
0.981007
0.980782
0.981215
0.980679
0.981544
0.982862
0.982210
0.982588
0.982172
0.983730
0.984081
0.984420
0.985901
0.986257
0.986102
0.985696
0.985376
0.984907
0.984422
0.983545
0.982684
0.982927
0.982577
0.982377
0.982078
0.979011
0.971539
0.967398
0.967276
0.976737
0.967432
0.969606
0.972607
0.965836
0.970804
0.971192
0.972410
0.972142
0.972756
0.972811
0.973098
0.972996
0.972650
0.973247
0.972997
0.972826
0.972349
0.972463
0.972739
0.972836
0.972725
0.972962
0.973152
0.973043
0.972767
0.972719
0.972887
0.972581
0.972757
0.959700
0.968549
0.971176
0.873240
0.732125
0.665088
0.613201
0.618705
0.599942
0.588162
0.591717
0.587797
0.602027
0.600343
0.600931
0.597599
0.591611
0.586480
0.585088
0.583188
0.581519
0.580275
0.583869
0.581506
0.583848
0.572885
0.846183
0.969035
0.979221
0.979753
0.978201
0.979199
0.978110
0.978579
0.978488
0.980084
0.978983
0.977120
0.977354
0.977655
0.978398
0.977899
0.978291
0.975441
0.977928
0.979493
0.979013
0.979021
0.979898
0.978462
0.978778
0.981567
0.981203
0.980606
0.981274
0.981161
0.981709
0.982002
0.982340
0.982542
0.982770
0.982827
0.983368
0.983390
0.983839
0.984021
0.983698
0.983726
0.983602
0.984214
0.985032
0.985064
0.986198
0.986626
0.985862
0.985884
0.985404
0.985602
0.985359
0.984779
0.984307
0.983944
0.983521
0.983173
0.967104
0.964287
0.966933
0.961740
0.965193
0.915695
0.832353
0.838343
0.837830
0.860338
0.854490
0.809824
0.803496
0.799558
0.797644
0.798633
0.798459
0.802444
0.804263
0.804187
0.809155
0.807446
0.805841
0.808554
0.810096
0.810280
0.809162
0.808740
0.808224
0.807763
0.807751
0.808053
0.808616
0.808831
0.809077
0.803434
0.862273
0.863476
0.856865
0.790047
0.708797
0.682841
0.620131
0.634154
0.589559
0.587938
0.589768
0.563104
0.557169
0.574308
0.576702
0.580142
0.586333
0.568306
0.563864
0.570326
0.589632
0.554119
0.560888
0.535436
0.569671
0.565356
0.570949
0.551481
0.571599
0.560916
0.561129
0.567019
0.547306
0.550229
0.575083
0.578704
0.588133
0.561956
0.542536
0.559417
0.582410
0.559445
0.565208
0.572722
0.525828
0.568004
0.577615
0.567652
0.542367
0.572922
0.553927
0.546757
0.558340
0.558559
0.567736
0.557226
0.787431
0.947070
0.979661
0.981268
0.983243
0.982405
0.981768
0.980765
0.982373
0.982840
0.983265
0.982889
0.982730
0.982571
0.982713
0.983372
0.983605
0.984101
0.984021
0.984309
0.984236
0.984550
0.984372
0.985051
0.984488
0.983640
0.983050
0.981479
0.981365
0.980423
0.980919
0.980963
0.978220
0.978221
0.975958
0.979405
0.979813
0.977289
0.979237
0.978586
0.979421
0.979877
0.978388
0.979329
0.978721
0.979252
0.978741
0.978682
0.980655
0.979695
0.980195
0.980982
0.982056
0.980630
0.982191
0.982591
0.983185
0.982393
0.983420
0.983751
0.983076
0.983777
0.983517
0.983699
0.983941
0.984192
0.983994
0.984815
0.985176
0.985972
0.986069
0.987204
0.987037
0.987048
0.986745
0.986288
0.986320
0.985622
0.985134
0.984779
0.984421
0.983821
0.983535
0.983962
0.974867
0.977406
0.962219
0.969897
0.970962
0.972419
0.961949
0.929632
0.851877
0.844685
0.775514
0.683614
0.624274
0.635803
0.597026
0.616816
0.576886
0.570206
0.583820
0.576778
0.561813
0.580184
0.564042
0.565031
0.559707
0.599777
0.572399
0.616795
0.623673
0.625499
0.626982
0.642608
0.671614
0.683676
0.680892
0.677132
0.674357
0.676028
0.676308
0.678723
0.679292
0.679837
0.681480
0.685028
0.688185
0.689308
0.693089
0.692051
0.691505
0.691662
0.692136
0.691073
0.690623
0.689874
0.689808
0.679817
0.666158
0.718710
0.647592
0.609897
0.652164
0.616743
0.615478
0.604475
0.604223
0.594564
0.580945
0.583985
0.575051
0.583251
0.585881
0.564638
0.579416
0.588530
0.584630
0.564122
0.563756
0.558461
0.575704
0.557125
0.549403
0.559722
0.559150
0.556892
0.548917
0.575794
0.563853
0.550753
0.552837
0.555579
0.556341
0.569551
0.555539
0.578072
0.784955
0.954047
0.981344
0.980016
0.981590
0.981140
0.980054
0.979745
0.982501
0.980903
0.982045
0.982500
0.982143
0.982949
0.983719
0.983849
0.983621
0.983880
0.983953
0.984271
0.984363
0.984471
0.984878
0.984541
0.983644
0.984110
0.983419
0.981172
0.981778
0.976740
0.978781
0.979978
0.978273
0.977601
0.978798
0.980829
0.977678
0.977662
0.977451
0.978793
0.979041
0.976739
0.978434
0.978710
0.979501
0.978193
0.978445
0.979254
0.979289
0.980294
0.980751
0.980693
0.979200
0.980581
0.981261
0.980987
0.981528
0.982510
0.981658
0.982101
0.982889
0.982078
0.983468
0.982942
0.983054
0.984167
0.983286
0.984482
0.985699
0.986594
0.986784
0.986817
0.983445
0.984465
0.985997
0.985433
0.984935
0.984617
0.984103
0.983819
0.983143
0.982041
0.982118
0.978602
0.975831
0.965057
0.966906
0.973920
0.968496
0.927996
0.839653
0.743651
0.666357
0.655803
0.656751
0.610768
0.587015
0.591875
0.560577
0.578503
0.582571
0.596969
0.633166
0.633467
0.610286
0.646364
0.645926
0.642119
0.635951
0.638521
0.631977
0.636931
0.639586
0.641944
0.638463
0.637218
0.636358
0.634821
0.632653
0.631707
0.630183
0.629565
0.630892
0.630481
0.630292
0.630639
0.630752
0.629557
0.624443
0.713612
0.667984
0.623770
0.648034
0.619656
0.603200
0.621113
0.599984
0.603267
0.601855
0.569068
0.570061
0.569534
0.554774
0.551676
0.561042
0.567297
0.569576
0.543477
0.550432
0.549393
0.548213
0.552779
0.551007
0.573190
0.571300
0.565672
0.560881
0.565927
0.557313
0.547055
0.538346
0.565693
0.552837
0.579558
0.568129
0.560995
0.544334
0.554093
0.569192
0.572439
0.624073
0.859922
0.957283
0.980240
0.980084
0.983034
0.981813
0.982777
0.981314
0.982767
0.983814
0.982376
0.983989
0.984230
0.984064
0.984187
0.983562
0.983812
0.983468
0.983880
0.984737
0.984530
0.984396
0.984336
0.984940
0.983985
0.983633
0.982427
0.980340
0.969573
0.963466
0.977028
0.978963
0.979434
0.975587
0.980059
0.980627
0.979103
0.979199
0.980181
0.976985
0.978985
0.976846
0.979693
0.979391
0.978783
0.979765
0.981134
0.980986
0.982100
0.982227
0.981992
0.982446
0.982966
0.983078
0.982136
0.983125
0.983244
0.982914
0.984507
0.983867
0.984397
0.984579
0.983779
0.984228
0.984601
0.985300
0.985920
0.986450
0.987021
0.987038
0.986644
0.986155
0.986591
0.986356
0.985669
0.985555
0.985299
0.985127
0.984427
0.984895
0.984328
0.980099
0.979142
0.972365
0.977173
0.980231
0.978529
0.973013
0.974911
0.940459
0.849629
0.766229
0.704605
0.661670
0.601020
0.593615
0.569187
0.574329
0.576362
0.557433
0.567399
0.585170
0.568471
0.595294
0.614490
0.591280
0.640896
0.643445
0.637427
0.626152
0.639826
0.642228
0.648069
0.650733
0.652671
0.650151
0.648861
0.647173
0.647613
0.647780
0.647824
0.645952
0.646053
0.643877
0.643676
0.645474
0.643732
0.641423
0.641448
0.641410
0.646411
0.642364
0.727927
0.631015
0.614111
0.638653
0.634785
0.618833
0.581249
0.597678
0.599851
0.607934
0.576774
0.586959
0.573289
0.550227
0.565097
0.563645
0.571525
0.551079
0.553617
0.719551
0.926303
0.961729
0.981248
0.979733
0.981300
0.980855
0.981752
0.980744
0.979482
0.982433
0.981735
0.982081
0.982645
0.984303
0.983975
0.984148
0.983758
0.983749
0.984469
0.984074
0.984220
0.983831
0.983624
0.984153
0.983704
0.982248
0.981529
0.979586
0.980251
0.977737
0.978569
0.979009
0.979373
0.978158
0.979363
0.975716
0.978635
0.978036
0.980320
0.975707
0.977616
0.976566
0.979281
0.977666
0.979193
0.979749
0.979040
0.978354
0.978871
0.980787
0.980206
0.980484
0.979354
0.978892
0.980267
0.980350
0.981404
0.981246
0.981635
0.982308
0.982277
0.982471
0.982887
0.982960
0.983423
0.983491
0.983775
0.984590
0.985253
0.985810
0.986778
0.986977
0.986599
0.986186
0.986060
0.985609
0.984993
0.984632
0.983410
0.983711
0.982677
0.982981
0.982648
0.980799
0.981925
0.981078
0.979960
0.969440
0.896039
0.791114
0.783507
0.725297
0.707940
0.706124
0.723890
0.674567
0.681556
0.672276
0.683424
0.694988
0.666983
0.661636
0.658732
0.658372
0.660883
0.658086
0.655954
0.654830
0.654868
0.658298
0.659834
0.659457
0.659500
0.663597
0.663636
0.662885
0.662054
0.661923
0.661860
0.662291
0.662727
0.663080
0.663372
0.658275
0.694234
0.712168
0.674903
0.650536
0.656018
0.651476
0.611247
0.610020
0.618766
0.609941
0.579500
0.584413
0.594941
0.567255
0.576215
0.585987
0.558703
0.583780
0.546713
0.566405
0.564842
0.583866
0.570624
0.580806
0.575213
0.557159
0.555749
0.575318
0.562793
0.631474
0.818478
0.959759
0.974414
0.980825
0.981783
0.982626
0.983225
0.981761
0.982490
0.982275
0.981841
0.983098
0.981766
0.981826
0.981986
0.982292
0.982582
0.982782
0.983575
0.983163
0.983673
0.984133
0.984389
0.984826
0.984834
0.983300
0.982727
0.981183
0.979502
0.979645
0.979747
0.980217
0.975225
0.976990
0.978949
0.978479
0.976849
0.976996
0.976695
0.978933
0.977207
0.976961
0.977666
0.978965
0.977479
0.979872
0.978419
0.977877
0.979949
0.978493
0.979200
0.978742
0.979619
0.979491
0.979783
0.981089
0.981637
0.980070
0.980700
0.980674
0.982169
0.981871
0.982219
0.982226
0.982123
0.982431
0.982244
0.981364
0.982195
0.983760
0.984072
0.985359
0.986391
0.986720
0.986646
0.986558
0.985935
0.985657
0.984474
0.984233
0.983691
0.982740
0.982875
0.982486
0.981985
0.982041
0.979091
0.980771
0.979317
0.974809
0.947133
0.878437
0.821737
0.775179
0.689812
0.677916
0.627671
0.638095
0.583045
0.617958
0.631305
0.624700
0.631554
0.675220
0.679600
0.696412
0.706886
0.705735
0.711879
0.715962
0.722321
0.724543
0.730764
0.733288
0.735885
0.737103
0.738960
0.738000
0.742156
0.739486
0.736746
0.738467
0.739543
0.738267
0.737727
0.737519
0.737191
0.736966
0.738105
0.710014
0.712599
0.742788
0.660383
0.663498
0.661260
0.660975
0.614339
0.601591
0.615619
0.601488
0.578675
0.576681
0.566666
0.567462
0.588705
0.568255
0.584935
0.543541
0.561858
0.564618
0.586389
0.587861
0.567391
0.563680
0.560040
0.668002
0.920207
0.973545
0.981802
0.982156
0.982186
0.982374
0.981929
0.982126
0.982943
0.981909
0.982750
0.983443
0.983502
0.983244
0.984456
0.983987
0.984275
0.983921
0.983629
0.984751
0.984376
0.984721
0.984197
0.983870
0.983664
0.982449
0.658825
0.972276
0.976414
0.980301
0.979968
0.979798
0.979541
0.980339
0.980591
0.979701
0.979813
0.982336
0.979950
0.980223
0.979659
0.980583
0.980793
0.981083
0.980808
0.981925
0.981580
0.981230
0.982700
0.983325
0.982621
0.982692
0.983860
0.983610
0.983842
0.984225
0.983971
0.983795
0.984554
0.984328
0.985102
0.985031
0.984573
0.985429
0.985355
0.985501
0.985438
0.985892
0.986860
0.986604
0.986623
0.986220
0.986452
0.986051
0.985833
0.985483
0.985998
0.984411
0.985453
0.985360
0.983897
0.984543
0.981061
0.978146
0.970343
0.949345
0.967428
0.947428
0.945427
0.869694
0.741124
0.783013
0.720764
0.707452
0.681178
0.652753
0.629000
0.626513
0.622775
0.621897
0.680726
0.635992
0.657302
0.645627
0.649895
0.646813
0.651035
0.644110
0.644532
0.641711
0.642852
0.641874
0.638801
0.639231
0.637364
0.637831
0.637523
0.640412
0.640745
0.641198
0.641570
0.641727
0.642373
0.642483
0.643349
0.643976
0.644350
0.728678
0.650691
0.694256
0.679001
0.622317
0.609210
0.592748
0.597932
0.580899
0.571843
0.572955
0.593561
0.575711
0.582496
0.754387
0.936235
0.977170
0.982580
0.984043
0.981479
0.982580
0.982996
0.981796
0.983644
0.983228
0.983494
0.983415
0.982498
0.983313
0.984402
0.983635
0.984330
0.985007
0.984945
0.984743
0.984030
0.984682
0.983361
0.984299
0.983857
0.983366
0.980074
0.980957
0.978124
0.979743
0.977548
0.980082
0.980469
0.979860
0.980441
0.975815
0.977486
0.979699
0.978514
0.979489
0.979159
0.978536
0.978417
0.979698
0.979413
0.980457
0.980623
0.980960
0.981394
0.981244
0.981685
0.981752
0.981261
0.981804
0.983093
0.982647
0.982462
0.982954
0.982927
0.983331
0.983174
0.983527
0.983950
0.983527
0.984052
0.983814
0.984030
0.984986
0.985642
0.986293
0.986677
0.986769
0.986447
0.986475
0.986265
0.986076
0.985491
0.985154
0.984682
0.984652
0.984047
0.983450
0.983279
0.983409
0.980378
0.976676
0.974303
0.978174
0.942902
0.895113
0.886780
0.758225
0.758109
0.736116
0.702522
0.711803
0.692828
0.681390
0.712825
0.718688
0.720361
0.724625
0.720899
0.722732
0.726746
0.728030
0.725146
0.720637
0.722908
0.722537
0.723140
0.722729
0.723769
0.725339
0.726281
0.726105
0.725330
0.725351
0.725318
0.725508
0.725755
0.725742
0.721059
0.714343
0.734249
0.749746
0.701151
0.680156
0.654377
0.622335
0.610099
0.600915
0.573874
0.588859
0.572146
0.558533
0.571534
0.565490
0.567021
0.563771
0.568218
0.578354
0.592390
0.557718
0.569193
0.564102
0.547529
0.563343
0.563274
0.579034
0.574447
0.573987
0.552690
0.551101
0.574552
0.556422
0.559228
0.547363
0.559759
0.554666
0.575305
0.560911
0.559451
0.566643
0.553674
0.566349
0.570191
0.573854
0.563929
0.561353
0.568599
0.564251
0.548871
0.573159
0.552671
0.583304
0.562473
0.587075
0.557143
0.581840
0.550201
0.573902
0.551955
0.579278
0.580027
0.556597
0.561158
0.569719
0.558063
0.542325
0.573107
0.568274
0.576443
0.558183
0.578220
0.589816
0.580846
0.566103
0.563491
0.567369
0.551530
0.573626
0.583794
0.552905
0.577691
0.582516
0.552686
0.566494
0.574478
0.564342
0.556027
0.553902
0.790127
0.954078
0.978082
0.982630
0.983880
0.982791
0.983261
0.983624
0.983590
0.983355
0.984742
0.983858
0.983772
0.985007
0.985535
0.985222
0.985632
0.984777
0.984502
0.984658
0.985634
0.985190
0.984986
0.985296
0.984850
0.984503
0.981970
0.982453
0.979721
0.979851
0.980656
0.979365
0.980609
0.981001
0.978152
0.978861
0.979538
0.981657
0.981703
0.978710
0.976487
0.980113
0.980968
0.980040
0.980307
0.981715
0.978542
0.981924
0.981320
0.982119
0.982309
0.982976
0.983110
0.982600
0.983677
0.983781
0.984158
0.983857
0.983758
0.984283
0.984239
0.984379
0.984080
0.984597
0.985129
0.985152
0.985427
0.986623
0.986870
0.987675
0.987756
0.987521
0.987143
0.986688
0.986574
0.986391
0.986122
0.985851
0.983268
0.985402
0.983154
0.984034
0.981495
0.972774
0.973843
0.976518
0.965364
0.972806
0.965369
0.942382
0.877626
0.852236
0.838298
0.732506
0.683322
0.657404
0.585845
0.608283
0.579800
0.563465
0.572960
0.574144
0.592172
0.571341
0.584433
0.570772
0.574310
0.576896
0.583991
0.596365
0.559316
0.581142
0.561985
0.552181
0.579599
0.580294
0.598599
0.580150
0.585793
0.579473
0.580687
0.549253
0.600448
0.605916
0.626164
0.646615
0.649026
0.666091
0.650535
0.655628
0.659547
0.657595
0.659539
0.653535
0.651513
0.645774
0.644423
0.644700
0.646306
0.646515
0.644950
0.644628
0.645398
0.644077
0.645778
0.647445
0.648548
0.647839
0.649836
0.647939
0.643410
0.693916
0.731610
0.618711
0.656487
0.636990
0.625014
0.620339
0.621594
0.605501
0.575464
0.593175
0.563856
0.580988
0.558426
0.577907
0.556727
0.563245
0.555864
0.555602
0.566118
0.572260
0.565603
0.547191
0.562806
0.591349
0.857778
0.955857
0.981256
0.982180
0.983009
0.983226
0.982304
0.982007
0.982387
0.983033
0.982446
0.983485
0.982954
0.983443
0.983336
0.984164
0.984329
0.984949
0.985476
0.985664
0.984989
0.984661
0.984666
0.984017
0.984542
0.983846
0.982512
0.981410
0.979741
0.981500
0.981598
0.979973
0.981177
0.979203
0.979694
0.980589
0.980849
0.979365
0.980145
0.978867
0.978803
0.980085
0.979586
0.978850
0.979547
0.980871
0.980358
0.980633
0.980907
0.982252
0.981186
0.980665
0.982547
0.981834
0.982948
0.981635
0.982392
0.983046
0.983405
0.983171
0.983153
0.983959
0.983688
0.983992
0.984259
0.984512
0.984813
0.985433
0.986290
0.987114
0.986961
0.987096
0.986277
0.986371
0.986071
0.986196
0.985610
0.985130
0.985278
0.984490
0.984616
0.984348
0.982087
0.983070
0.971752
0.981277
0.970008
0.972179
0.936418
0.866701
0.803959
0.801482
0.706633
0.698946
0.638270
0.638512
0.626267
0.642379
0.635001
0.612636
0.629241
0.646883
0.633654
0.630892
0.629562
0.637643
0.637783
0.640544
0.639989
0.640754
0.642627
0.642192
0.646697
0.645879
0.645690
0.645150
0.645951
0.644190
0.644134
0.643777
0.644697
0.643554
0.642999
0.644919
0.646840
0.624460
0.684644
0.681530
0.642536
0.652724
0.662846
0.631664
0.612075
0.574746
0.588578
0.583055
0.578337
0.570938
0.588769
0.566187
0.572744
0.576585
0.565111
0.554294
0.562114
0.568889
0.564982
0.574984
0.584181
0.573752
0.554042
0.550990
0.561951
0.556705
0.570526
0.586282
0.566131
0.544800
0.559740
0.556854
0.545974
0.567892
0.560947
0.558246
0.563798
0.567010
0.564159
0.541847
0.564050
0.560179
0.559501
0.583221
0.584154
0.571170
0.546870
0.542298
0.562939
0.537379
0.561551
0.565339
0.568680
0.549043
0.563046
0.570494
0.551038
0.564570
0.582056
0.558126
0.556255
0.572668
0.574965
0.539949
0.568196
0.547117
0.550578
0.564358
0.591505
0.554199
0.578171
0.579969
0.566677
0.572251
0.662526
0.902656
0.971811
0.982209
0.982900
0.984156
0.983143
0.982500
0.983307
0.984940
0.983744
0.984585
0.984779
0.985053
0.985020
0.985655
0.984979
0.984907
0.984587
0.985300
0.984739
0.984174
0.984770
0.984923
0.985167
0.983293
0.983536
0.981608
0.982181
0.980639
0.981238
0.979970
0.977640
0.978381
0.979627
0.979543
0.977170
0.979962
0.979991
0.979643
0.979801
0.978517
0.980264
0.979230
0.980757
0.981078
0.980028
0.981238
0.981506
0.982320
0.980402
0.982194
0.980993
0.981561
0.982882
0.982802
0.982417
0.981779
0.982414
0.983184
0.981886
0.982702
0.983354
0.983088
0.983367
0.983663
0.983934
0.984030
0.984322
0.985803
0.986490
0.986926
0.987590
0.987250
0.987049
0.987110
0.986980
0.986764
0.986005
0.985613
0.985103
0.983427
0.984788
0.984073
0.982085
0.976030
0.971954
0.963616
0.968625
0.963899
0.952305
0.920441
0.865503
0.800843
0.708159
0.678115
0.651621
0.636915
0.612142
0.623703
0.585207
0.578604
0.592498
0.580629
0.598336
0.595167
0.569649
0.599658
0.572695
0.551292
0.607036
0.547764
0.592638
0.580513
0.583264
0.550651
0.580282
0.551930
0.596758
0.600752
0.587563
0.628030
0.621527
0.611414
0.613767
0.641279
0.644126
0.649881
0.656338
0.647854
0.654300
0.655155
0.656886
0.656814
0.663181
0.663751
0.665684
0.662259
0.664602
0.666949
0.662256
0.665199
0.665114
0.666356
0.666570
0.665646
0.667062
0.663051
0.633092
0.661715
0.654336
0.621554
0.662565
0.627919
0.608729
0.617593
0.603274
0.586997
0.595836
0.593082
0.584596
0.589763
0.591041
0.560423
0.577104
0.551831
0.587529
0.562671
0.577798
0.560394
0.571544
0.573364
0.571321
0.572434
0.565509
0.558588
0.555972
0.538224
0.544698
0.555105
0.564455
0.572468
0.583527
0.550175
0.577766
0.552692
0.570073
0.547396
0.552400
0.571722
0.568867
0.563104
0.578943
0.560037
0.554570
0.575494
0.555496
0.566319
0.570771
0.578093
0.583222
0.570297
0.542847
0.561528
0.552502
0.559700
0.575070
0.579186
0.555082
0.573237
0.592108
0.571674
0.567287
0.574766
0.577944
0.592056
0.556551
0.568925
0.553134
0.577751
0.570880
0.578004
0.577982
0.584901
0.551630
0.553246
0.569517
0.584807
0.572410
0.564078
0.576254
0.569646
0.546581
0.626553
0.867139
0.965723
0.980355
0.983411
0.983870
0.983385
0.982912
0.982878
0.984285
0.984678
0.983707
0.984339
0.984421
0.984805
0.985537
0.984986
0.985015
0.984967
0.985216
0.985129
0.984846
0.985085
0.985339
0.985415
0.984414
0.983982
0.984459
0.983607
0.981333
0.981647
0.982745
0.980841
0.979562
0.980291
0.982010
0.979161
0.980691
0.979547
0.978315
0.978707
0.979773
0.978115
0.976876
0.977349
0.980890
0.977469
0.980165
0.980466
0.981356
0.980644
0.981802
0.982029
0.982781
0.981751
0.982188
0.982065
0.982631
0.982519
0.982326
0.982636
0.982643
0.982558
0.982522
0.983129
0.982401
0.982777
0.983272
0.982778
0.985028
0.986235
0.986764
0.987521
0.987806
0.987520
0.986848
0.986830
0.986881
0.986659
0.985952
0.985523
0.985157
0.974788
0.984560
0.984295
0.983387
0.974119
0.970543
0.976067
0.967315
0.971026
0.966877
0.938493
0.878905
0.807068
0.768320
0.689973
0.647508
0.652149
0.617193
0.569223
0.565342
0.577008
0.598745
0.593863
0.573841
0.584175
0.577913
0.575161
0.579826
0.578473
0.548403
0.556986
0.586475
0.565288
0.574954
0.559787
0.579194
0.574484
0.581526
0.554349
0.569410
0.600639
0.584136
0.598493
0.617211
0.609694
0.657703
0.634866
0.630162
0.629920
0.631455
0.630686
0.634226
0.626518
0.628178
0.622206
0.620893
0.621684
0.620743
0.618267
0.619025
0.617239
0.613705
0.615873
0.613425
0.615183
0.615663
0.614294
0.614423
0.614887
0.614586
0.626085
0.627937
0.738440
0.655797
0.604581
0.626279
0.648735
0.611551
0.586117
0.606757
0.602933
0.583588
0.584565
0.572353
0.588137
0.594128
0.557790
0.578476
0.575304
0.560925
0.573516
0.539528
0.563677
0.562378
0.593987
0.563838
0.567250
0.834755
0.965000
0.979890
0.982884
0.982842
0.982526
0.981210
0.983480
0.982958
0.982459
0.984270
0.983429
0.983008
0.983608
0.984084
0.984176
0.983886
0.984509
0.984419
0.984424
0.983735
0.984171
0.984483
0.984382
0.984644
0.983270
0.982979
0.981868
0.979198
0.980170
0.980329
0.979313
0.980367
0.978541
0.980182
0.980128
0.980200
0.981013
0.980851
0.978740
0.980649
0.980542
0.979313
0.978993
0.981819
0.980934
0.980889
0.981853
0.981401
0.981929
0.982335
0.983344
0.982786
0.982540
0.982930
0.983161
0.983796
0.982833
0.983977
0.984395
0.983911
0.984211
0.984214
0.984979
0.984876
0.984583
0.984917
0.986169
0.986943
0.987082
0.986850
0.986392
0.986760
0.986701
0.986381
0.986274
0.986184
0.985949
0.985824
0.984872
0.984964
0.984603
0.982039
0.984215
0.968191
0.974138
0.982360
0.970914
0.943439
0.895495
0.806838
0.778578
0.750807
0.644719
0.678562
0.625148
0.614224
0.641762
0.623587
0.643341
0.632177
0.637160
0.651266
0.646900
0.654633
0.651315
0.658884
0.661658
0.659420
0.657315
0.660582
0.659172
0.662214
0.661244
0.660169
0.661139
0.660148
0.659784
0.658267
0.661389
0.660925
0.658019
0.656832
0.661235
0.642218
0.652579
0.713606
0.616677
0.631774
0.631456
0.649812
0.621991
0.586161
0.598978
0.605503
0.574047
0.578763
0.553341
0.571988
0.574190
0.575708
0.591792
0.553432
0.559249
0.583387
0.559066
0.575564
0.587359
0.565092
0.543494
0.577672
0.557238
0.581064
0.584241
0.566155
0.561053
0.558063
0.572683
0.561746
0.564354
0.703318
0.900436
0.962316
0.979872
0.982631
0.983611
0.982480
0.981983
0.980774
0.981856
0.982847
0.984274
0.982325
0.983650
0.984023
0.984204
0.984173
0.984721
0.985280
0.984584
0.984505
0.984802
0.984713
0.985484
0.985027
0.983852
0.983793
0.983732
0.982316
0.978584
0.979396
0.979298
0.979882
0.978483
0.980310
0.979379
0.980324
0.978067
0.977049
0.976699
0.978298
0.979125
0.980051
0.979941
0.981142
0.981893
0.981322
0.981477
0.980730
0.981560
0.982235
0.981495
0.982307
0.981941
0.982941
0.982385
0.982686
0.982162
0.982425
0.983182
0.983195
0.982866
0.982834
0.984015
0.983828
0.983552
0.983896
0.985547
0.986431
0.986711
0.986898
0.987195
0.986979
0.986667
0.986742
0.986186
0.985857
0.986059
0.985615
0.984798
0.984579
0.984264
0.984147
0.984091
0.983392
0.981406
0.979020
0.977050
0.966117
0.968275
0.929352
0.840611
0.771553
0.709750
0.667134
0.667686
0.657359
0.632441
0.604101
0.596805
0.589232
0.583746
0.583345
0.604127
0.597781
0.622005
0.669138
0.630652
0.603047
0.607712
0.611706
0.605249
0.608430
0.612169
0.611982
0.612965
0.612324
0.612136
0.612845
0.616721
0.617301
0.620882
0.622803
0.623581
0.625899
0.627513
0.627076
0.628375
0.627616
0.628372
0.600999
0.631068
0.725678
0.623394
0.632606
0.646511
0.676780
0.609997
0.605646
0.598067
0.566539
0.590111
0.594412
0.596172
0.586575
0.558073
0.552835
0.589272
0.579518
0.564167
0.572429
0.549121
0.575756
0.562611
0.559838
0.577636
0.553093
0.563914
0.580109
0.548552
0.570832
0.575919
0.553856
0.550249
0.574390
0.820494
0.953151
0.980696
0.982634
0.981394
0.981031
0.980332
0.981556
0.983050
0.983427
0.983362
0.983773
0.984831
0.984322
0.983772
0.984370
0.984161
0.984459
0.984720
0.984772
0.984344
0.984449
0.985454
0.985572
0.985055
0.984345
0.979823
0.982577
0.810734
0.918079
0.979613
0.981821
0.979945
0.981219
0.981115
0.981398
0.978792
0.981488
0.980497
0.980399
0.981380
0.980450
0.980199
0.981057
0.980635
0.980047
0.980158
0.980344
0.980297
0.981116
0.981759
0.981620
0.980881
0.982653
0.981728
0.982512
0.981689
0.982492
0.982557
0.982784
0.982324
0.983062
0.983089
0.982956
0.983509
0.984074
0.983954
0.983771
0.985013
0.986211
0.986513
0.987340
0.987319
0.987284
0.986858
0.986653
0.986617
0.985983
0.985474
0.985807
0.983657
0.984853
0.983834
0.983931
0.980663
0.983409
0.972420
0.944950
0.942837
0.963356
0.965684
0.925631
0.824974
0.767322
0.751178
0.645044
0.618332
0.634363
0.632576
0.616041
0.611430
0.560885
0.620769
0.596180
0.608874
0.637641
0.629478
0.624564
0.632505
0.626957
0.637993
0.633973
0.631306
0.634110
0.635788
0.640924
0.640738
0.638739
0.634489
0.636991
0.636611
0.637080
0.638544
0.637954
0.638724
0.639032
0.638484
0.638170
0.638624
0.637675
0.636517
0.635128
0.622182
0.674291
0.700372
0.618901
0.658298
0.648340
0.633900
0.618246
0.623961
0.583763
0.585561
0.574442
0.593095
0.572283
0.566963
0.573288
0.572522
0.573555
0.572551
0.566669
0.558720
0.575454
0.557010
0.564508
0.570720
0.564067
0.572664
0.562998
0.602756
0.552926
0.580537
0.588346
0.563158
0.573455
0.557018
0.576372
0.573829
0.564744
0.554850
0.570303
0.578201
0.574563
0.564284
0.597063
0.574251
0.573041
0.577739
0.566132
0.555542
0.550824
0.569957
0.562902
0.574470
0.569207
0.570028
0.566699
0.543851
0.568325
0.581726
0.563612
0.585553
0.603677
0.567537
0.594648
0.568933
0.577098
0.563151
0.554428
0.580975
0.567911
0.573370
0.577629
0.559719
0.578279
0.566159
0.575745
0.556955
0.556484
0.558550
0.556332
0.573480
0.578742
0.657599
0.636306
0.895190
0.975006
0.983890
0.984954
0.983059
0.983801
0.984005
0.983781
0.984526
0.983494
0.984498
0.985189
0.985008
0.985251
0.985656
0.985613
0.985749
0.986096
0.985845
0.986022
0.986069
0.986356
0.986020
0.985426
0.985072
0.984541
0.983561
0.980093
0.981877
0.982373
0.981773
0.980690
0.981433
0.982674
0.982160
0.981279
0.981828
0.981526
0.980373
0.981678
0.981992
0.981438
0.982034
0.982764
0.982507
0.983073
0.983285
0.982657
0.983442
0.983288
0.983470
0.983598
0.983910
0.984355
0.983768
0.984289
0.984917
0.984708
0.985036
0.985306
0.985279
0.985244
0.985329
0.986171
0.985874
0.986102
0.985989
0.987077
0.987474
0.987507
0.987543
0.987145
0.987250
0.987261
0.987084
0.986886
0.986297
0.986336
0.986303
0.985695
0.983839
0.985854
0.983887
0.977215
0.978675
0.973667
0.972297
0.967761
0.972812
0.968628
0.891589
0.838075
0.792177
0.734367
0.641223
0.642258
0.627458
0.610743
0.608828
0.586841
0.617814
0.605753
0.561855
0.580440
0.589888
0.588352
0.583958
0.573523
0.583968
0.582577
0.573324
0.566816
0.569577
0.583593
0.561482
0.591026
0.574949
0.604631
0.598738
0.621089
0.605923
0.600377
0.626501
0.612850
0.640670
0.639593
0.643587
0.643874
0.653314
0.659626
0.659340
0.658616
0.654801
0.657425
0.657742
0.658443
0.657679
0.655995
0.658098
0.659944
0.666378
0.667198
0.668529
0.669726
0.673925
0.670262
0.671702
0.671252
0.664559
0.649839
0.666837
0.712907
0.648274
0.633695
0.646850
0.634414
0.620518
0.633477
0.607489
0.582241
0.587051
0.612421
0.596211
0.569204
0.546782
0.566816
0.580561
0.567278
0.571422
0.565219
0.580020
0.546858
0.541951
0.560120
0.585975
0.575837
0.559701
0.565702
0.566446
0.558995
0.552812
0.572495
0.576278
0.583800
0.562409
0.561294
0.542695
0.560468
0.575204
0.560842
0.540360
0.566601
0.559209
0.572299
0.571664
0.574461
0.587224
0.565616
0.576755
0.557599
0.557222
0.544436
0.561487
0.595571
0.551472
0.553576
0.570691
0.551658
0.558765
0.557803
0.724977
0.938481
0.980892
0.982119
0.982166
0.983812
0.983189
0.984506
0.984591
0.983543
0.983356
0.984185
0.983440
0.983809
0.984082
0.984562
0.984744
0.984715
0.984596
0.984849
0.985211
0.984803
0.985078
0.985845
0.984831
0.984855
0.983904
0.981547
0.981358
0.982676
0.982054
0.980922
0.981641
0.981218
0.981135
0.980227
0.981363
0.981329
0.979522
0.980431
0.980612
0.981613
0.982046
0.979702
0.980399
0.981837
0.982109
0.981436
0.981167
0.982438
0.980991
0.982381
0.980902
0.982506
0.982596
0.982846
0.982996
0.982648
0.983559
0.983438
0.983422
0.983378
0.984072
0.983864
0.983532
0.983996
0.984288
0.985147
0.986224
0.986806
0.987713
0.987163
0.987132
0.987217
0.987040
0.986674
0.986633
0.986462
0.985791
0.985901
0.985080
0.985493
0.985058
0.985009
0.983334
0.983166
0.973297
0.974844
0.969837
0.970932
0.981873
0.909116
0.824964
0.733440
0.728148
0.681498
0.668316
0.630379
0.669381
0.608220
0.595775
0.586416
0.609586
0.593434
0.547496
0.580283
0.586117
0.560648
0.605666
0.602140
0.579041
0.618697
0.631726
0.569555
0.634012
0.621390
0.606109
0.630856
0.637711
0.653949
0.645707
0.645246
0.645822
0.641402
0.649163
0.648642
0.644398
0.646708
0.649280
0.654152
0.653814
0.655441
0.656391
0.653639
0.655510
0.655328
0.657113
0.657184
0.657854
0.659214
0.654150
0.643783
0.647126
0.706164
0.622082
0.611178
0.646877
0.622600
0.609062
0.607027
0.586114
0.585145
0.590551
0.594016
0.577336
0.574727
0.580156
0.600359
0.565645
0.538857
0.566084
0.557450
0.581209
0.577005
0.553905
0.570031
0.583533
0.595907
0.568746
0.575503
0.563238
0.575362
0.571635
0.558022
0.574463
0.561352
0.581032
0.550701
0.558966
0.571294
0.550121
0.562106
0.563277
0.580870
0.553968
0.573119
0.562082
0.546652
0.560020
0.569990
0.569818
0.560761
0.554749
0.564388
0.561573
0.556120
0.575931
0.572203
0.557578
0.573392
0.570357
0.561951
0.566364
0.556652
0.566581
0.579022
0.576747
0.554698
0.565981
0.558418
0.556793
0.575190
0.580098
0.559998
0.540759
0.575216
0.588508
0.553807
0.561735
0.584632
0.568337
0.563167
0.578592
0.564332
0.541972
0.586790
0.563383
0.570756
0.559202
0.590908
0.577547
0.570612
0.555369
0.566713
0.573548
0.597120
0.555166
0.547720
0.554699
0.555509
0.589642
0.582607
0.572575
0.565153
0.713732
0.919624
0.973177
0.983021
0.984805
0.981494
0.984032
0.985045
0.985171
0.985098
0.984400
0.985597
0.985158
0.985665
0.985469
0.985006
0.984779
0.985495
0.984680
0.984577
0.984959
0.984635
0.985829
0.985930
0.985955
0.985157
0.983764
0.983081
0.977800
0.981676
0.976958
0.982062
0.981462
0.982075
0.979248
0.979183
0.980691
0.981665
0.979561
0.981818
0.981748
0.980125
0.980830
0.980632
0.981132
0.980645
0.981351
0.982215
0.980528
0.981771
0.982939
0.981302
0.982975
0.982884
0.982740
0.981866
0.982693
0.982301
0.982570
0.983516
0.983373
0.982435
0.984038
0.983228
0.983766
0.983933
0.984568
0.984798
0.984954
0.986206
0.986779
0.987754
0.987498
0.987894
0.987632
0.987321
0.987273
0.986942
0.984517
0.986308
0.986322
0.985971
0.985979
0.983925
0.976157
0.974947
0.978646
0.970643
0.969100
0.966413
0.961929
0.914868
0.876824
0.855634
0.866491
0.802232
0.737477
0.690445
0.659057
0.632403
0.574832
0.590310
0.587452
0.608989
0.574288
0.576441
0.580289
0.571528
0.567554
0.549126
0.588955
0.595345
0.564521
0.567774
0.566587
0.548558
0.573636
0.556438
0.570639
0.549784
0.576862
0.565831
0.560287
0.541184
0.577018
0.557954
0.566548
0.604436
0.588570
0.616611
0.586064
0.624300
0.600210
0.605047
0.589395
0.616972
0.618291
0.595147
0.589588
0.595904
0.600690
0.591758
0.580184
0.578890
0.578192
0.581361
0.580788
0.582600
0.579947
0.584153
0.585783
0.588190
0.586627
0.589604
0.594081
0.596948
0.598046
0.590544
0.590637
0.614188
0.680090
0.637516
0.574538
0.627321
0.626966
0.594355
0.594860
0.612399
0.575985
0.584028
0.579155
0.578049
0.583742
0.570383
0.565749
0.557407
0.582807
0.558939
0.575893
0.576191
0.552514
0.560941
0.563092
0.567583
0.570672
0.570882
0.561120
0.556342
0.556229
0.544690
0.557842
0.556897
0.559613
0.560674
0.553538
0.555724
0.586502
0.549126
0.555811
0.574154
0.550054
0.551693
0.559282
0.577832
0.563207
0.580174
0.571649
0.555537
0.564728
0.594153
0.551408
0.565557
0.550564
0.544389
0.567421
0.565089
0.564068
0.586231
0.552646
0.556225
0.547272
0.558713
0.577558
0.608111
0.568395
0.558235
0.551395
0.572554
0.603329
0.774873
0.928234
0.974487
0.979469
0.979775
0.979802
0.982975
0.981632
0.981936
0.983279
0.983400
0.983869
0.983666
0.983156
0.983457
0.984932
0.984933
0.984834
0.985143
0.984968
0.985178
0.984437
0.984999
0.985002
0.985631
0.984519
0.981710
0.980847
0.972544
0.978566
0.979782
0.979060
0.979465
0.980340
0.978018
0.978015
0.974146
0.974032
0.979934
0.978038
0.977806
0.979865
0.979263
0.977740
0.979328
0.979148
0.977220
0.979208
0.980585
0.979036
0.977685
0.980221
0.980984
0.979743
0.980532
0.982491
0.981804
0.980834
0.981374
0.982138
0.982457
0.981437
0.981817
0.982438
0.982199
0.982174
0.982376
0.982468
0.982513
0.983325
0.984276
0.985567
0.986303
0.987060
0.987270
0.987719
0.987284
0.986817
0.986374
0.985828
0.985284
0.984592
0.983945
0.984028
0.983428
0.969776
0.966091
0.970238
0.966077
0.945435
0.918224
0.897154
0.916176
0.860753
0.813921
0.816233
0.793243
0.742567
0.741971
0.711762
0.659517
0.668060
0.622398
0.594392
0.594233
0.573379
0.603031
0.562555
0.561940
0.530529
0.551550
0.536921
0.587322
0.527668
0.529518
0.575779
0.566722
0.561575
0.558743
0.596754
0.602424
0.575691
0.576254
0.586836
0.580132
0.581884
0.580747
0.574196
0.580134
0.584291
0.586493
0.581867
0.576302
0.573821
0.576570
0.575882
0.574804
0.576851
0.578091
0.578452
0.578395
0.578711
0.579501
0.581170
0.578889
0.586527
0.585474
0.637161
0.652205
0.584406
0.608863
0.638218
0.618791
0.606132
0.603234
0.596490
0.589944
0.579697
0.563677
0.575393
0.556044
0.577982
0.565936
0.569504
0.577270
0.562099
0.571514
0.569272
0.584127
0.563195
0.578371
0.559322
0.572949
0.548105
0.580850
0.564534
0.579158
0.564200
0.560002
0.543189
0.562997
0.555068
0.570421
0.551662
0.548257
0.557095
0.570027
0.553190
0.552861
0.551203
0.570620
0.585114
0.558389
0.551810
0.544642
0.573457
0.586929
0.574737
0.556403
0.678738
0.889391
0.964779
0.979150
0.972812
0.981304
0.979500
0.982121
0.982619
0.982125
0.982803
0.982615
0.983733
0.983965
0.984308
0.984909
0.985075
0.984625
0.985024
0.985268
0.985162
0.985773
0.985655
0.985524
0.984989
0.984643
0.983512
0.981228
0.979993
0.979578
0.979593
0.977121
0.975553
0.978218
0.976375
0.979299
0.980024
0.978855
0.979129
0.978463
0.979465
0.975435
0.976913
0.980399
0.978751
0.979163
0.979153
0.982193
0.978852
0.980067
0.980633
0.981886
0.981674
0.982338
0.981464
0.982306
0.982586
0.982278
0.982378
0.982797
0.983581
0.982608
0.983475
0.983028
0.983659
0.983547
0.983703
0.983986
0.984425
0.985248
0.985947
0.986610
0.987724
0.987551
0.987202
0.987296
0.987416
0.986603
0.987039
0.986284
0.986071
0.986076
0.985532
0.985130
0.983229
0.982966
0.980554
0.972303
0.971665
0.970747
0.959493
0.958341
0.899161
0.903768
0.895754
0.822908
0.805525
0.741617
0.680038
0.702777
0.649150
0.691550
0.635072
0.606497
0.614421
0.579180
0.540133
0.547047
0.579363
0.575496
0.592073
0.532953
0.572144
0.549586
0.577296
0.587953
0.594934
0.602488
0.600512
0.601641
0.588410
0.585537
0.589752
0.590816
0.590121
0.592922
0.593143
0.596707
0.595218
0.594413
0.594040
0.592304
0.592928
0.593401
0.592617
0.591945
0.590144
0.587094
0.587980
0.594946
0.597964
0.601165
0.703838
0.610163
0.565688
0.614969
0.620309
0.632398
0.586555
0.610842
0.591416
0.591339
0.564448
0.582027
0.567521
0.577225
0.575573
0.568438
0.561639
0.580422
0.564591
0.563278
0.563666
0.558545
0.558562
0.580965
0.566702
0.554477
0.564026
0.583950
0.549234
0.560117
0.564510
0.555651
0.558750
0.540565
0.566765
0.543060
0.577611
0.567128
0.553062
0.563029
0.562658
0.572473
0.584983
0.586753
0.571220
0.562095
0.571059
0.562918
0.556113
0.558552
0.580601
0.565496
0.543134
0.577658
0.556856
0.568301
0.550887
0.571150
0.564376
0.569565
0.562584
0.567302
0.568059
0.559030
0.586507
0.571545
0.566803
0.545354
0.574527
0.565136
0.583342
0.572509
0.624219
0.862364
0.965787
0.978170
0.983182
0.982413
0.980285
0.980455
0.981263
0.982890
0.984143
0.984273
0.984668
0.984424
0.984652
0.984857
0.984509
0.984733
0.984439
0.984895
0.984911
0.985039
0.985805
0.984745
0.985622
0.985242
0.985039
0.983375
0.983305
0.978062
0.976402
0.978922
0.979881
0.980391
0.975973
0.974216
0.979289
0.979867
0.980563
0.978236
0.979918
0.982137
0.981131
0.979657
0.978346
0.980911
0.981725
0.982396
0.981824
0.982535
0.982267
0.982339
0.982678
0.981696
0.983065
0.983087
0.983300
0.983848
0.983232
0.983474
0.983712
0.983396
0.983432
0.984192
0.984505
0.985310
0.984979
0.985166
0.985535
0.986065
0.986584
0.987832
0.987587
0.987638
0.987291
0.987021
0.986879
0.986789
0.986700
0.986700
0.986220
0.985729
0.985595
0.982574
0.978765
0.976977
0.961769
0.968455
0.973078
0.962057
0.968810
0.967082
0.920459
0.884895
0.834396
0.769429
0.777614
0.717438
0.713224
0.655311
0.648047
0.598527
0.584794
0.627030
0.600947
0.591933
0.587903
0.571909
0.570170
0.578663
0.540979
0.560687
0.574942
0.580935
0.605869
0.559000
0.586567
0.568282
0.593966
0.572900
0.593154
0.609764
0.574522
0.589825
0.606021
0.614450
0.616929
0.618510
0.608780
0.607862
0.612196
0.613421
0.613401
0.615493
0.614076
0.613203
0.614246
0.615375
0.617040
0.618086
0.617586
0.618660
0.620881
0.619328
0.619030
0.622672
0.621191
0.614723
0.624290
0.640473
0.687325
0.607242
0.591914
0.621597
0.618806
0.597465
0.601847
0.585952
0.588456
0.582151
0.596749
0.592643
0.570526
0.563621
0.559756
0.583063
0.569193
0.562612
0.558280
0.588504
0.560119
0.548331
0.558387
0.583837
0.548999
0.555850
0.551862
0.581234
0.561643
0.559567
0.558275
0.576099
0.546159
0.573622
0.547328
0.576279
0.563257
0.559743
0.557212
0.582391
0.565482
0.577045
0.592034
0.568657
0.630723
0.881222
0.970882
0.977679
0.983022
0.983215
0.977845
0.981056
0.983217
0.984242
0.983839
0.984109
0.983409
0.983657
0.983948
0.984080
0.983702
0.983441
0.983970
0.984842
0.985073
0.984840
0.985534
0.985745
0.983884
0.983689
0.981731
0.976913
0.979321
0.975228
0.978655
0.979628
0.978446
0.975752
0.978409
0.977230
0.977895
0.979691
0.980352
0.976647
0.978152
0.977408
0.977898
0.978857
0.979683
0.976602
0.978089
0.979436
0.982499
0.981607
0.981949
0.982096
0.981729
0.982293
0.981836
0.982047
0.982954
0.983142
0.983178
0.982162
0.982663
0.983384
0.983424
0.983619
0.984231
0.984740
0.984017
0.984174
0.984805
0.986381
0.986705
0.987528
0.987426
0.987510
0.987405
0.986730
0.986555
0.986458
0.986327
0.986421
0.985589
0.985253
0.985592
0.984996
0.984788
0.981154
0.978333
0.973092
0.970730
0.972890
0.964842
0.922445
0.827468
0.764023
0.753819
0.724144
0.696666
0.599692
0.627259
0.639360
0.622204
0.611009
0.577096
0.577699
0.577624
0.562800
0.582959
0.569868
0.568767
0.606190
0.597884
0.569257
0.585466
0.573568
0.585863
0.579301
0.579024
0.569414
0.565664
0.565243
0.564795
0.564264
0.563658
0.563946
0.563966
0.567455
0.563677
0.563064
0.564828
0.565369
0.563540
0.563817
0.565795
0.564512
0.565720
0.563612
0.589046
0.630700
0.690684
0.628507
0.575846
0.628248
0.606394
0.620561
0.725171
0.898548
0.965660
0.978615
0.975227
0.975200
0.979056
0.979602
0.983459
0.981633
0.981134
0.981149
0.982844
0.982590
0.982505
0.983723
0.984004
0.983585
0.984134
0.984440
0.984654
0.984819
0.984661
0.984571
0.984705
0.984704
0.984608
0.982980
0.978722
0.977920
0.976198
0.979195
0.971318
0.973239
0.976340
0.974750
0.979322
0.970832
0.979148
0.973990
0.977202
0.978335
0.977410
0.979124
0.977234
0.979417
0.978078
0.979577
0.980603
0.979524
0.980133
0.980369
0.979634
0.980696
0.980696
0.981707
0.978808
0.980633
0.981186
0.981148
0.980550
0.980871
0.981114
0.983077
0.982355
0.981477
0.981046
0.982584
0.982539
0.982457
0.983818
0.985263
0.986212
0.986937
0.987360
0.987149
0.987237
0.986748
0.986515
0.986288
0.985767
0.984825
0.984573
0.983765
0.983757
0.982184
0.983283
0.982445
0.973837
0.982338
0.978421
0.965981
0.953108
0.889945
0.860418
0.782543
0.706279
0.665709
0.676174
0.679540
0.684207
0.697006
0.698578
0.698272
0.698852
0.701192
0.702838
0.702013
0.699319
0.699439
0.699513
0.699263
0.699463
0.698294
0.697971
0.698092
0.698766
0.699151
0.699080
0.699370
0.699743
0.687809
0.661371
0.709988
0.805773
0.782446
0.774234
0.690155
0.641743
0.613758
0.621429
0.593285
0.590675
0.576157
0.577338
0.584614
0.572104
0.583223
0.582188
0.580941
0.565915
0.577921
0.562841
0.551634
0.587213
0.555276
0.556198
0.561942
0.556631
0.553506
0.569316
0.557719
0.562657
0.560915
0.565561
0.583305
0.582842
0.570766
0.571125
0.550680
0.558850
0.556123
0.566022
0.558735
0.562556
0.564010
0.560911
0.556166
0.585403
0.567929
0.556622
0.567167
0.590844
0.573501
0.561957
0.540693
0.556540
0.566613
0.550888
0.549211
0.570022
0.593695
0.543351
0.568475
0.535921
0.675494
0.903466
0.969728
0.979935
0.983129
0.980091
0.981730
0.981552
0.982756
0.984263
0.983260
0.983690
0.982185
0.983353
0.983413
0.984674
0.984761
0.984558
0.985103
0.985509
0.985785
0.985494
0.985505
0.985536
0.985743
0.984207
0.981560
0.978298
0.977028
0.977991
0.977644
0.975097
0.977801
0.978022
0.980389
0.976076
0.979274
0.978901
0.977923
0.977340
0.980255
0.979572
0.980634
0.979846
0.979132
0.981087
0.978264
0.980199
0.980157
0.980833
0.981277
0.981781
0.982649
0.982381
0.981850
0.980578
0.982838
0.982332
0.983375
0.982594
0.983248
0.983493
0.983825
0.983617
0.984057
0.984142
0.984505
0.984282
0.985501
0.986430
0.986890
0.987788
0.987972
0.987836
0.987517
0.987289
0.986573
0.986498
0.986188
0.986076
0.985498
0.984952
0.982678
0.984998
0.982443
0.976096
0.974227
0.973803
0.974560
0.961522
0.959721
0.948653
0.896841
0.843422
0.764221
0.756994
0.720016
0.639613
0.600253
0.618380
0.584891
0.609171
0.563537
0.581961
0.562779
0.583588
0.575874
0.565101
0.551058
0.567714
0.572955
0.543494
0.552904
0.585383
0.606270
0.622818
0.603874
0.649969
0.634262
0.644953
0.657856
0.652558
0.661335
0.660953
0.663904
0.668407
0.667849
0.666262
0.669720
0.671546
0.674240
0.675165
0.676389
0.674545
0.673566
0.671116
0.670478
0.670045
0.670203
0.668951
0.666710
0.670464
0.665442
0.636175
0.719548
0.687768
0.595340
0.647861
0.651004
0.618798
0.600507
0.628563
0.617231
0.590411
0.577011
0.576903
0.552733
0.560472
0.575157
0.587735
0.598534
0.561705
0.579773
0.560310
0.557064
0.560735
0.659908
0.878145
0.955142
0.975519
0.977640
0.979993
0.978248
0.980754
0.979370
0.982558
0.982968
0.982951
0.982747
0.983098
0.983422
0.984176
0.984544
0.984404
0.984053
0.983916
0.984621
0.984163
0.984227
0.984757
0.984391
0.984368
0.983761
0.981688
0.979815
0.975016
0.979370
0.979180
0.977747
0.977010
0.979234
0.977155
0.976202
0.979026
0.975245
0.977681
0.979341
0.977497
0.979339
0.978836
0.979365
0.980723
0.979692
0.980355
0.980023
0.980306
0.981527
0.981379
0.979841
0.980437
0.981807
0.981695
0.980786
0.982127
0.982607
0.981788
0.982466
0.983303
0.983564
0.983239
0.983217
0.983841
0.983808
0.983386
0.983888
0.984900
0.986106
0.986852
0.987195
0.987515
0.987307
0.987224
0.987425
0.985453
0.986330
0.985975
0.983259
0.985360
0.984703
0.984657
0.984543
0.984202
0.984163
0.983629
0.982744
0.978250
0.971863
0.950932
0.876843
0.779191
0.763615
0.704942
0.755904
0.688530
0.703062
0.667454
0.655715
0.629526
0.617424
0.586217
0.588563
0.604418
0.616514
0.622413
0.623582
0.629304
0.633439
0.632361
0.633017
0.629816
0.631235
0.630361
0.628877
0.629513
0.630133
0.629933
0.630644
0.631902
0.632528
0.632459
0.632139
0.632534
0.632455
0.625762
0.616674
0.598156
0.658814
0.650924
0.660344
0.673942
0.640450
0.635076
0.597060
0.601553
0.611038
0.581932
0.603714
0.580657
0.563701
0.573986
0.564827
0.563191
0.567263
0.578466
0.578586
0.552233
0.749292
0.939125
0.977218
0.980374
0.981691
0.979873
0.982319
0.981670
0.982033
0.981772
0.981671
0.983376
0.982627
0.983784
0.983466
0.983401
0.983660
0.984425
0.985086
0.984786
0.984403
0.985225
0.984735
0.985672
0.984523
0.984029
0.978713
0.979189
0.976578
0.979036
0.978260
0.975518
0.977586
0.977770
0.977843
0.977912
0.977289
0.979021
0.978460
0.970864
0.978647
0.977869
0.977058
0.979548
0.978019
0.978678
0.979665
0.980386
0.979760
0.981945
0.981107
0.980512
0.980941
0.982722
0.982116
0.982668
0.983034
0.982532
0.983094
0.982980
0.983320
0.983992
0.983206
0.983897
0.983798
0.984451
0.984265
0.984383
0.985706
0.986577
0.987144
0.987465
0.987400
0.987488
0.986916
0.987265
0.986894
0.986492
0.984642
0.985164
0.985741
0.985036
0.984984
0.983854
0.979166
0.981169
0.976650
0.975320
0.964242
0.969607
0.964171
0.954411
0.894489
0.843424
0.747471
0.710007
0.700078
0.659434
0.647788
0.617334
0.654820
0.690355
0.679180
0.684360
0.683363
0.689354
0.692239
0.685023
0.681760
0.680123
0.681311
0.677804
0.679647
0.680067
0.680785
0.682544
0.682886
0.683601
0.683987
0.682839
0.681698
0.680764
0.679798
0.679493
0.679000
0.677941
0.688403
0.713045
0.728261
0.646331
0.654990
0.671908
0.639961
0.578681
0.643244
0.602934
0.626602
0.574230
0.580923
0.585278
0.580212
0.569546
0.570724
0.577531
0.581496
0.588870
0.559765
0.671073
0.925128
0.975108
0.982299
0.982585
0.982310
0.981468
0.982337
0.983141
0.980213
0.983167
0.982121
0.981690
0.983469
0.984697
0.984311
0.984847
0.984849
0.984682
0.984574
0.984134
0.985191
0.984522
0.984566
0.984883
0.984353
0.981936
0.980177
0.979009
0.980112
0.979545
0.979290
0.977448
0.979382
0.980138
0.977757
0.978688
0.977210
0.980147
0.978386
0.980983
0.980501
0.979665
0.981116
0.980137
0.980062
0.979767
0.979849
0.982381
0.981970
0.979955
0.982842
0.983332
0.982489
0.983504
0.983004
0.983363
0.983507
0.983786
0.983845
0.984341
0.983682
0.984256
0.984167
0.984565
0.985141
0.984927
0.984883
0.985880
0.985830
0.986833
0.987511
0.987687
0.987317
0.987309
0.987167
0.985062
0.986468
0.986404
0.986167
0.985703
0.985591
0.985344
0.983244
0.981850
0.979465
0.982803
0.968307
0.971522
0.978043
0.947552
0.929713
0.876900
0.757208
0.733986
0.679025
0.683068
0.640896
0.647471
0.647758
0.696113
0.679872
0.699723
0.682604
0.682443
0.680783
0.687584
0.688118
0.689547
0.690354
0.689005
0.689038
0.690500
0.688018
0.687318
0.689350
0.689682
0.689401
0.688664
0.686673
0.684673
0.684594
0.686096
0.686708
0.686802
0.691510
0.687000
0.720563
0.743166
0.657567
0.666958
0.672264
0.654934
0.608701
0.599736
0.600388
0.597551
0.607170
0.584534
0.567695
0.590046
0.567027
0.588105
0.559581
0.575514
0.565539
0.568610
0.577582
0.558849
0.576386
0.536351
0.586311
0.569404
0.560909
0.566398
0.561373
0.582587
0.553755
0.584294
0.541719
0.571869
0.561990
0.555697
0.585665
0.575418
0.569541
0.584378
0.594257
0.569249
0.586725
0.564381
0.569334
0.572530
0.546540
0.583742
0.560539
0.556322
0.556630
0.571656
0.566541
0.556685
0.562765
0.555458
0.553069
0.559439
0.557034
0.579311
0.568397
0.563875
0.567380
0.555697
0.550152
0.561830
0.597571
0.565207
0.543805
0.577593
0.566867
0.576004
0.560136
0.557523
0.576220
0.573972
0.565140
0.568435
0.568725
0.569393
0.567062
0.563265
0.577213
0.572857
0.579963
0.566226
0.558447
0.571648
0.569999
0.544118
0.596652
0.556648
0.556494
0.570438
0.577466
0.570985
0.575293
0.569338
0.582551
0.577180
0.566987
0.573314
0.561897
0.584068
0.562923
0.568003
0.581948
0.569469
0.568730
0.566901
0.578350
0.583546
0.575530
0.564902
0.578767
0.573968
0.581931
0.577899
0.575270
0.578018
0.577433
0.556050
0.590932
0.565494
0.568526
0.574359
0.565282
0.569847
0.580089
0.553108
0.591278
0.576506
0.577277
0.576100
0.572740
0.575589
0.573352
0.561142
0.573606
0.567493
0.577847
0.561018
0.576755
0.757645
0.930262
0.976010
0.981319
0.982191
0.978543
0.983497
0.982805
0.982625
0.983722
0.984354
0.984686
0.984493
0.984894
0.983919
0.984725
0.984875
0.984088
0.984903
0.985424
0.985634
0.985783
0.986013
0.986406
0.985090
0.983812
0.982458
0.982121
0.978182
0.980289
0.977120
0.980857
0.979630
0.978078
0.978677
0.979683
0.977256
0.975071
0.977877
0.978433
0.977118
0.978748
0.974978
0.978461
0.977922
0.979306
0.981793
0.979446
0.980885
0.982382
0.982440
0.981399
0.981535
0.982676
0.982234
0.982593
0.982356
0.983028
0.982191
0.982367
0.981882
0.983239
0.983744
0.982395
0.982709
0.983156
0.983292
0.983736
0.983621
0.985836
0.987238
0.987217
0.988276
0.987631
0.988111
0.987567
0.986930
0.987484
0.986692
0.986376
0.985985
0.985351
0.985665
0.985377
0.983716
0.971390
0.960369
0.945691
0.939658
0.939427
0.930466
0.916748
0.908470
0.865861
0.814701
0.811010
0.803609
0.757263
0.741617
0.709982
0.677804
0.628889
0.611835
0.589127
0.592730
0.577083
0.599487
0.567323
0.587365
0.581594
0.540457
0.549794
0.568777
0.603328
0.569196
0.579143
0.540358
0.584730
0.580331
0.538430
0.550988
0.555838
0.564832
0.557546
0.595851
0.558492
0.576860
0.551216
0.563502
0.565592
0.579477
0.568582
0.546131
0.568614
0.565021
0.563752
0.566535
0.587979
0.562566
0.570122
0.570203
0.583857
0.546043
0.582012
0.600186
0.622240
0.593235
0.585227
0.634397
0.642489
0.620646
0.615862
0.629859
0.640041
0.627418
0.631041
0.632920
0.628507
0.628260
0.628382
0.625354
0.624838
0.630686
0.630304
0.627927
0.627437
0.628805
0.628542
0.624904
0.625450
0.627202
0.626366
0.623628
0.623458
0.626970
0.634880
0.692267
0.708091
0.607820
0.628096
0.658501
0.632048
0.601991
0.614049
0.609003
0.605925
0.590222
0.598764
0.591652
0.574387
0.573692
0.556372
0.573890
0.587594
0.699194
0.903664
0.973262
0.976113
0.978132
0.979279
0.976876
0.981274
0.982279
0.982345
0.982615
0.982599
0.982085
0.983731
0.983386
0.983308
0.982712
0.981978
0.983609
0.983980
0.983633
0.984317
0.984397
0.985050
0.984094
0.983755
0.981453
0.978772
0.975795
0.973818
0.974808
0.977504
0.974231
0.968145
0.971004
0.967321
0.974661
0.974151
0.976472
0.974697
0.977184
0.978527
0.976653
0.976277
0.974987
0.976250
0.979226
0.979075
0.980246
0.978561
0.979441
0.980435
0.979306
0.981313
0.981893
0.981389
0.982182
0.981837
0.981443
0.982124
0.980994
0.982088
0.982639
0.981892
0.981926
0.982758
0.983037
0.982241
0.983161
0.985263
0.986004
0.987085
0.987501
0.987815
0.987382
0.987133
0.986996
0.986387
0.984339
0.985291
0.985351
0.984611
0.982992
0.983925
0.983425
0.974760
0.982235
0.977471
0.973109
0.968689
0.967456
0.935397
0.862109
0.797382
0.738724
0.733460
0.663772
0.661632
0.698838
0.672791
0.633600
0.633089
0.635646
0.643741
0.636067
0.637543
0.634848
0.634655
0.632102
0.633625
0.632424
0.629948
0.630492
0.630930
0.630501
0.630598
0.630372
0.630015
0.630922
0.630533
0.630491
0.630239
0.630244
0.630407
0.639834
0.641323
0.690304
0.719919
0.673088
0.666912
0.653518
0.652535
0.607579
0.606001
0.599302
0.597329
0.587496
0.582339
0.596724
0.562756
0.566837
0.555834
0.563425
0.589300
0.556704
0.580797
0.560719
0.569030
0.575052
0.581917
0.567063
0.559069
0.552551
0.564623
0.555831
0.567201
0.582092
0.552259
0.583319
0.573662
0.568490
0.563396
0.562970
0.550488
0.580641
0.567557
0.572160
0.577994
0.565632
0.585507
0.577127
0.567839
0.560378
0.563325
0.580554
0.552255
0.550670
0.553831
0.558528
0.589019
0.548371
0.582962
0.579188
0.574030
0.545196
0.575770
0.558820
0.582435
0.578320
0.565543
0.563814
0.570835
0.554676
0.558821
0.575303
0.556516
0.557939
0.557625
0.748146
0.940138
0.978857
0.982154
0.980976
0.980652
0.981734
0.982696
0.982860
0.983130
0.981624
0.982645
0.982875
0.983308
0.983769
0.984292
0.984026
0.984538
0.984624
0.984530
0.984814
0.984645
0.985492
0.985975
0.984981
0.984460
0.983036
0.976791
0.978543
0.973736
0.970741
0.976127
0.976390
0.979336
0.979160
0.978979
0.975602
0.978963
0.979348
0.981297
0.978032
0.976275
0.975015
0.978604
0.979675
0.981088
0.980308
0.980845
0.979076
0.981591
0.979524
0.982018
0.982781
0.982835
0.982766
0.982657
0.983599
0.982940
0.984271
0.983426
0.982975
0.983960
0.983060
0.984252
0.984915
0.985070
0.985250
0.985407
0.986319
0.986752
0.987695
0.987859
0.987198
0.987570
0.987240
0.987269
0.987121
0.986576
0.986131
0.986122
0.986362
0.985865
0.985592
0.983640
0.973012
0.969811
0.971456
0.956050
0.971027
0.965582
0.959805
0.925878
0.891472
0.879741
0.844885
0.786679
0.707377
0.712381
0.678275
0.629614
0.645811
0.633770
0.619965
0.619070
0.588819
0.575555
0.564250
0.589951
0.569166
0.562009
0.591946
0.555843
0.545276
0.564190
0.599122
0.555087
0.577076
0.594340
0.610799
0.591749
0.571320
0.620805
0.624337
0.613274
0.618200
0.617201
0.625521
0.621696
0.622275
0.613995
0.614055
0.617188
0.614074
0.611252
0.609801
0.607973
0.613434
0.611798
0.614858
0.622144
0.620611
0.619357
0.618434
0.618542
0.619988
0.619245
0.618348
0.620466
0.672732
0.686843
0.577478
0.646776
0.629467
0.640315
0.593305
0.604762
0.599032
0.586893
0.587604
0.573661
0.591593
0.581258
0.584102
0.582141
0.585469
0.549753
0.577069
0.571825
0.561929
0.572946
0.571646
0.715472
0.937072
0.966488
0.976549
0.981626
0.980252
0.981667
0.980828
0.979335
0.981248
0.981977
0.981740
0.983630
0.984280
0.983727
0.983215
0.984262
0.984476
0.985355
0.985354
0.985333
0.985075
0.985608
0.985541
0.985552
0.984260
0.984402
0.983341
0.972530
0.975926
0.973722
0.972808
0.974533
0.977831
0.978819
0.978737
0.977960
0.978600
0.978720
0.979598
0.978741
0.979183
0.977124
0.977403
0.978403
0.978565
0.980543
0.980650
0.979170
0.981266
0.981120
0.980387
0.981267
0.982356
0.982769
0.982493
0.982398
0.983274
0.983281
0.983518
0.983494
0.983053
0.984243
0.984434
0.984176
0.983892
0.984743
0.985103
0.984736
0.985631
0.985705
0.986997
0.987825
0.987531
0.987408
0.987175
0.986884
0.986541
0.986134
0.986181
0.985811
0.985724
0.981910
0.985189
0.984643
0.983382
0.983293
0.974430
0.979780
0.968377
0.969160
0.965350
0.972846
0.944321
0.877305
0.813222
0.754803
0.732911
0.669786
0.683436
0.627140
0.618235
0.610990
0.576616
0.592542
0.587537
0.590860
0.600636
0.593092
0.593548
0.597959
0.599305
0.602157
0.605264
0.603559
0.606212
0.608756
0.612312
0.611707
0.614832
0.614331
0.613233
0.614517
0.615865
0.617104
0.617778
0.616696
0.616763
0.611114
0.595888
0.597750
0.705534
0.633923
0.595870
0.626438
0.626562
0.617339
0.631576
0.602733
0.596469
0.599834
0.572087
0.598490
0.591288
0.588807
0.560991
0.566367
0.585837
0.594674
0.592076
0.573941
0.572620
0.569840
0.584443
0.575658
0.573918
0.560703
0.570398
0.629496
0.849537
0.967809
0.979392
0.978449
0.977537
0.978035
0.978632
0.981898
0.981938
0.982378
0.983035
0.983075
0.984052
0.983954
0.985108
0.984939
0.985232
0.984967
0.984808
0.985046
0.985112
0.985236
0.985804
0.985466
0.984141
0.983735
0.983766
0.978779
0.979146
0.978717
0.977881
0.972817
0.978231
0.977695
0.976653
0.974712
0.979339
0.976996
0.977418
0.977013
0.979368
0.978483
0.979143
0.977367
0.979089
0.981342
0.979891
0.977658
0.980904
0.981993
0.982346
0.981864
0.981690
0.982322
0.982547
0.982901
0.983295
0.981533
0.983453
0.983218
0.983675
0.984098
0.982786
0.983515
0.984124
0.983932
0.984604
0.984778
0.985235
0.986780
0.987331
0.987974
0.987607
0.987792
0.987334
0.987023
0.983339
0.986733
0.986144
0.985804
0.985843
0.985326
0.984668
0.984739
0.984066
0.982199
0.975554
0.965121
0.964874
0.975873
0.973053
0.950321
0.909312
0.845064
0.740547
0.688034
0.667363
0.658266
0.660381
0.612818
0.615613
0.617823
0.607414
0.633177
0.618401
0.579704
0.578705
0.595083
0.588162
0.588797
0.586730
0.588522
0.588751
0.584834
0.582438
0.582922
0.579767
0.582522
0.582141
0.582926
0.584295
0.585888
0.585123
0.584766
0.585463
0.585954
0.585659
0.583921
0.582450
0.584591
0.613124
0.731210
0.641185
0.596627
0.637258
0.655219
0.628079
0.625536
0.604443
0.597685
0.575768
0.576876
0.569262
0.577467
0.571019
0.574375
0.564762
0.563529
0.560016
0.677310
0.859309
0.943461
0.970449
0.978109
0.981826
0.981267
0.980096
0.980704
0.979992
0.983234
0.982060
0.984051
0.984530
0.984168
0.982636
0.982251
0.983660
0.984075
0.983969
0.983216
0.984184
0.984430
0.984630
0.985592
0.984226
0.983777
0.979498
0.980252
0.978287
0.976811
0.976582
0.975938
0.976865
0.976860
0.974959
0.976297
0.977746
0.975008
0.973395
0.978930
0.976097
0.976806
0.978189
0.980315
0.978853
0.978458
0.980241
0.979481
0.978460
0.979922
0.982113
0.979396
0.981741
0.982364
0.982151
0.981704
0.983396
0.982447
0.982854
0.982883
0.983286
0.983627
0.983242
0.983289
0.984081
0.983919
0.984085
0.984553
0.984857
0.985852
0.986039
0.987431
0.987720
0.987252
0.987235
0.986977
0.986600
0.986881
0.986253
0.985873
0.985764
0.985074
0.984740
0.984369
0.981299
0.983359
0.979054
0.972139
0.977214
0.963379
0.960121
0.948891
0.862199
0.863770
0.755781
0.736615
0.682529
0.635993
0.619430
0.664562
0.666907
0.655433
0.652230
0.650730
0.645208
0.642210
0.642130
0.639084
0.635940
0.636489
0.637092
0.636672
0.639642
0.638011
0.638234
0.639268
0.639335
0.639304
0.638900
0.639616
0.640980
0.641322
0.641476
0.641924
0.637997
0.647094
0.677242
0.740436
0.677366
0.651482
0.718424
0.654991
0.624593
0.619840
0.606802
0.576634
0.599586
0.591333
0.589324
0.577964
0.557143
0.577426
0.553378
0.571169
0.563167
0.571360
0.575379
0.595211
0.564394
0.574811
0.573839
0.560394
0.588027
0.572825
0.581525
0.644508
0.849718
0.950473
0.978761
0.975055
0.980471
0.982468
0.980383
0.982102
0.979803
0.982826
0.982684
0.982590
0.984044
0.983404
0.984010
0.983075
0.983925
0.984419
0.984724
0.984489
0.985021
0.985149
0.985521
0.984407
0.985044
0.982826
0.984392
0.980926
0.981004
0.978167
0.979003
0.975972
0.980084
0.974141
0.975882
0.976560
0.978708
0.975743
0.979675
0.978608
0.977625
0.976795
0.978480
0.980293
0.978635
0.977331
0.980697
0.981547
0.979634
0.980136
0.980789
0.980056
0.980786
0.980664
0.981590
0.981023
0.981988
0.982142
0.980650
0.982869
0.983135
0.981902
0.982172
0.982432
0.982434
0.983517
0.983352
0.983772
0.983117
0.985197
0.986258
0.986343
0.987202
0.988048
0.987480
0.987585
0.986857
0.986910
0.986489
0.985968
0.985464
0.984792
0.984508
0.982297
0.984555
0.982569
0.976210
0.973447
0.971270
0.971483
0.968816
0.959423
0.894106
0.830536
0.757656
0.745692
0.680028
0.640387
0.636710
0.626133
0.618435
0.595118
0.634346
0.624574
0.660140
0.667829
0.653912
0.659214
0.657062
0.648935
0.646144
0.648373
0.657901
0.661189
0.660728
0.660658
0.660311
0.661263
0.658385
0.658606
0.657952
0.659506
0.660986
0.663465
0.662598
0.661873
0.661788
0.660968
0.660876
0.656469
0.661107
0.731572
0.705885
0.660533
0.634547
0.643191
0.648137
0.623875
0.618895
0.598264
0.586611
0.590072
0.596955
0.583473
0.557405
0.583929
0.634480
0.835623
0.961469
0.973951
0.977928
0.979722
0.978418
0.980936
0.979654
0.981248
0.981214
0.981128
0.982978
0.981779
0.981777
0.983836
0.984363
0.985149
0.984764
0.984699
0.984725
0.985442
0.985288
0.985247
0.984977
0.984910
0.982767
0.981718
0.980788
0.978992
0.973840
0.976185
0.978021
0.976752
0.977288
0.979175
0.976987
0.975282
0.974756
0.977844
0.980157
0.977777
0.979246
0.977800
0.975831
0.978994
0.979009
0.980216
0.979143
0.978988
0.980794
0.981330
0.980438
0.981386
0.981332
0.982352
0.981628
0.982221
0.982405
0.982465
0.982350
0.982479
0.982205
0.981669
0.982991
0.983770
0.983554
0.983410
0.983057
0.983658
0.985721
0.986145
0.986932
0.987873
0.987377
0.987565
0.987608
0.986990
0.987103
0.986477
0.985582
0.985107
0.984141
0.984975
0.983516
0.984558
0.980955
0.981326
0.974945
0.968407
0.971489
0.963814
0.938012
0.870701
0.834516
0.720133
0.739478
0.672520
0.696324
0.703106
0.727583
0.706542
0.711368
0.701149
0.695510
0.693043
0.694529
0.696179
0.697157
0.699211
0.698575
0.697428
0.695605
0.692598
0.691671
0.692630
0.692780
0.692298
0.691821
0.690332
0.690298
0.691028
0.691223
0.690880
0.698733
0.711233
0.723162
0.771711
0.726390
0.701813
0.701332
0.672116
0.629573
0.602531
0.607101
0.605572
0.595557
0.578490
0.585148
0.567241
0.592208
0.585162
0.586632
0.589951
0.571916
0.558133
0.545473
0.583480
0.580883
0.574875
0.585317
0.573631
0.578331
0.582797
0.573590
0.560935
0.561648
0.570820
0.569360
0.580907
0.562186
0.577974
0.564313
0.592573
0.568209
0.577412
0.577344
0.580190
0.564010
0.563922
0.564708
0.576305
0.556795
0.568138
0.576132
0.560683
0.586654
0.580557
0.577622
0.563227
0.579925
0.554981
0.582309
0.557926
0.580435
0.563563
0.569200
0.604472
0.562427
0.568380
0.571995
0.575681
0.565852
0.573054
0.558151
0.585127
0.591047
0.559021
0.565588
0.562120
0.569732
0.570062
0.576718
0.585221
0.557900
0.573080
0.568215
0.581128
0.572666
0.585729
0.546388
0.569502
0.586015
0.556910
0.584700
0.564131
0.567197
0.586927
0.567096
0.584122
0.553149
0.574081
0.553201
0.581699
0.592139
0.570723
0.575479
0.576146
0.588175
0.568011
0.571747
0.559225
0.548078
0.566738
0.558944
0.545001
0.571505
0.557919
0.581519
0.580261
0.551917
0.565340
0.583391
0.587096
0.578893
0.601544
0.566701
0.542378
0.582491
0.565867
0.567550
0.564742
0.556664
0.564588
0.565658
0.570006
0.577022
0.567854
0.583884
0.581332
0.577327
0.554718
0.574910
0.564086
0.567646
0.574099
0.580484
0.585420
0.583584
0.553519
0.566867
0.575932
0.571817
0.567154
0.616194
0.820284
0.948318
0.974917
0.979502
0.981449
0.979128
0.981975
0.979088
0.981531
0.982789
0.982237
0.982918
0.984370
0.985280
0.984287
0.984835
0.983670
0.984350
0.984913
0.985067
0.985041
0.984774
0.985678
0.984926
0.986017
0.984590
0.983683
0.982268
0.979308
0.979798
0.981098
0.977492
0.981219
0.978047
0.977937
0.978128
0.976610
0.976557
0.976853
0.980902
0.977843
0.978060
0.978043
0.978899
0.976929
0.979911
0.980022
0.982313
0.980656
0.981955
0.981673
0.981533
0.982391
0.980096
0.982143
0.980137
0.982422
0.982040
0.983308
0.982312
0.982677
0.982953
0.983618
0.982229
0.983289
0.983413
0.983392
0.983861
0.983777
0.984581
0.986361
0.987371
0.987680
0.988389
0.987743
0.987906
0.985363
0.987319
0.987451
0.987205
0.986513
0.986336
0.985867
0.985790
0.985860
0.969950
0.967208
0.950268
0.960443
0.947363
0.927500
0.925314
0.912725
0.869366
0.865521
0.853086
0.818581
0.808282
0.725167
0.748372
0.695963
0.668230
0.636314
0.636984
0.599720
0.606712
0.610029
0.561374
0.575161
0.613888
0.572248
0.591449
0.568423
0.571229
0.551910
0.551386
0.593939
0.563797
0.585633
0.583554
0.578043
0.585762
0.594402
0.577933
0.551578
0.568693
0.596007
0.591755
0.554853
0.571380
0.572767
0.573910
0.581860
0.568570
0.544704
0.557097
0.571456
0.581323
0.576527
0.573940
0.585170
0.536238
0.545512
0.592142
0.587493
0.552713
0.609076
0.637649
0.560272
0.629959
0.631919
0.608880
0.649680
0.618263
0.661302
0.664056
0.657518
0.653365
0.651836
0.656809
0.658622
0.663297
0.660562
0.660131
0.660937
0.657964
0.656105
0.656740
0.653511
0.654638
0.653854
0.654412
0.656639
0.658360
0.657360
0.656760
0.656278
0.659132
0.663098
0.688821
0.682097
0.652320
0.626131
0.646754
0.615175
0.631520
0.635630
0.626185
0.606330
0.592817
0.599523
0.609160
0.566803
0.591124
0.582256
0.594570
0.575944
0.577671
0.585203
0.562083
0.553866
0.549601
0.577844
0.560086
0.575900
0.565960
0.561984
0.586027
0.554699
0.565427
0.552358
0.566744
0.575540
0.738597
0.933208
0.974714
0.977570
0.978415
0.979698
0.980828
0.981238
0.979344
0.979803
0.981205
0.983193
0.981953
0.982384
0.982979
0.983048
0.982476
0.983670
0.983755
0.984851
0.984738
0.985242
0.985247
0.985490
0.983472
0.982560
0.979811
0.980274
0.978790
0.975364
0.976790
0.978925
0.973862
0.971740
0.974490
0.979620
0.975153
0.976861
0.979164
0.977785
0.975288
0.978307
0.974904
0.978507
0.978504
0.976622
0.978265
0.980154
0.980359
0.981035
0.980575
0.981470
0.980980
0.981509
0.980104
0.982271
0.980709
0.982665
0.981488
0.982104
0.982533
0.981902
0.982538
0.981885
0.983354
0.983246
0.983316
0.983213
0.983834
0.985523
0.986157
0.986863
0.987779
0.987911
0.987600
0.987514
0.987245
0.986776
0.986758
0.986493
0.985753
0.985989
0.985441
0.984687
0.982528
0.979703
0.969859
0.974580
0.973860
0.969960
0.971767
0.952408
0.904644
0.861045
0.805566
0.715417
0.696503
0.625569
0.633624
0.609716
0.613147
0.619780
0.607346
0.596983
0.646034
0.626191
0.631690
0.635286
0.638719
0.632813
0.631909
0.629700
0.637049
0.636667
0.632759
0.631479
0.631680
0.629488
0.627720
0.624406
0.622925
0.621792
0.621160
0.620698
0.619954
0.618275
0.618638
0.620094
0.620698
0.620974
0.620258
0.639394
0.640883
0.711894
0.722058
0.589676
0.653509
0.658566
0.638082
0.608691
0.624471
0.766818
0.913455
0.957236
0.971278
0.975698
0.981202
0.980947
0.979614
0.981258
0.981916
0.980327
0.983150
0.982209
0.983196
0.982894
0.983074
0.983049
0.984383
0.984239
0.983731
0.983661
0.984684
0.984570
0.985137
0.985458
0.983952
0.984469
0.981483
0.979363
0.973198
0.980194
0.977051
0.975353
0.979734
0.976156
0.978191
0.977752
0.976437
0.980327
0.976879
0.981494
0.976757
0.978827
0.977211
0.979018
0.977005
0.981034
0.979686
0.979496
0.980887
0.981422
0.980517
0.981213
0.979758
0.982033
0.980978
0.983023
0.983232
0.982236
0.982967
0.982900
0.983146
0.983140
0.982554
0.983326
0.984082
0.983660
0.983567
0.984089
0.984264
0.985751
0.986567
0.987456
0.987466
0.988074
0.987672
0.987431
0.987168
0.987291
0.986651
0.986751
0.986586
0.985742
0.984945
0.985372
0.985312
0.984004
0.984402
0.981901
0.980920
0.969064
0.961344
0.971247
0.926720
0.868956
0.888009
0.826086
0.774034
0.758460
0.764605
0.765998
0.769184
0.771573
0.772311
0.771567
0.768688
0.769811
0.769747
0.768988
0.766634
0.766874
0.765729
0.765364
0.764999
0.764771
0.764365
0.763787
0.763028
0.763621
0.764471
0.765280
0.768336
0.767916
0.768870
0.834178
0.844276
0.856397
0.753672
0.686510
0.659304
0.626562
0.626751
0.601808
0.623118
0.574583
0.582713
0.585375
0.575965
0.570290
0.561480
0.592415
0.597707
0.563575
0.576784
0.546894
0.565634
0.570915
0.561364
0.574590
0.592342
0.561142
0.583560
0.557988
0.595030
0.569129
0.557013
0.560962
0.752261
0.938755
0.972551
0.980235
0.980758
0.981574
0.980387
0.980822
0.980504
0.981869
0.983752
0.982676
0.982365
0.983375
0.983048
0.984079
0.984642
0.985505
0.984911
0.984958
0.984604
0.984755
0.985561
0.985434
0.984736
0.985471
0.981931
0.975808
0.975502
0.976938
0.977494
0.979781
0.975711
0.976257
0.977781
0.979820
0.977459
0.976011
0.978188
0.979371
0.978438
0.979260
0.978345
0.978300
0.979664
0.980490
0.981116
0.980592
0.980565
0.982332
0.981941
0.981137
0.981751
0.981976
0.982054
0.983381
0.983061
0.982188
0.983268
0.982756
0.983883
0.983698
0.983724
0.984202
0.984155
0.985057
0.984746
0.985065
0.985685
0.986465
0.986882
0.987552
0.987560
0.986708
0.987154
0.984491
0.986659
0.984228
0.986597
0.985650
0.985653
0.985309
0.982617
0.984837
0.977132
0.972712
0.974972
0.976297
0.969535
0.972194
0.959291
0.940463
0.870456
0.831505
0.770242
0.705252
0.717181
0.696827
0.686893
0.627489
0.635447
0.619854
0.643163
0.615153
0.629431
0.672852
0.664998
0.649237
0.647896
0.643204
0.647049
0.652001
0.651386
0.650807
0.648496
0.648149
0.648713
0.647021
0.647233
0.646437
0.645138
0.645276
0.646418
0.647233
0.645793
0.645440
0.645199
0.646555
0.647515
0.647974
0.647774
0.636630
0.662839
0.709017
0.622821
0.678949
0.659663
0.633492
0.634526
0.606533
0.605022
0.590203
0.608285
0.599974
0.600420
0.586826
0.575741
0.569182
0.577096
0.574411
0.558320
0.575808
0.595697
0.545511
0.572966
0.563942
0.581894
0.565662
0.573844
0.559302
0.556543
0.569452
0.585651
0.572946
0.575697
0.565330
0.575707
0.568906
0.566163
0.588729
0.560477
0.586711
0.565223
0.562850
0.572710
0.586445
0.583301
0.566614
0.593662
0.747982
0.925092
0.968822
0.981797
0.979788
0.981002
0.981072
0.982027
0.980387
0.981072
0.983184
0.984001
0.983892
0.982558
0.984642
0.983884
0.982879
0.983845
0.983824
0.983654
0.985230
0.985130
0.984384
0.984865
0.985354
0.985516
0.984321
0.983790
0.979549
0.978838
0.976502
0.978396
0.976165
0.976900
0.977619
0.978264
0.977852
0.976641
0.978375
0.977696
0.979445
0.979011
0.980329
0.979956
0.979906
0.979973
0.979785
0.979722
0.979669
0.981323
0.980849
0.982239
0.981852
0.982003
0.982743
0.982992
0.983369
0.983115
0.983176
0.983277
0.983186
0.983776
0.984002
0.984492
0.983995
0.984424
0.984713
0.984016
0.984501
0.985532
0.986570
0.987770
0.987768
0.987937
0.987335
0.987744
0.987450
0.986928
0.987104
0.986239
0.986181
0.985791
0.985914
0.985486
0.984506
0.979751
0.971994
0.963138
0.970984
0.970752
0.973014
0.963297
0.920058
0.920698
0.813803
0.794567
0.769920
0.713809
0.656586
0.628279
0.629600
0.608917
0.592023
0.617378
0.601673
0.580345
0.593083
0.568162
0.593854
0.605922
0.593107
0.635489
0.634973
0.640287
0.617076
0.623830
0.624378
0.631381
0.623784
0.621057
0.619958
0.615544
0.616003
0.618259
0.613482
0.616702
0.618719
0.615924
0.613873
0.615994
0.614787
0.617044
0.617458
0.617239
0.616312
0.618557
0.614839
0.620447
0.643946
0.708730
0.664641
0.589820
0.633714
0.661511
0.626802
0.637069
0.594220
0.608522
0.599386
0.568153
0.585568
0.587571
0.580502
0.586052
0.567750
0.569114
0.591664
0.593014
0.552258
0.575193
0.595465
0.800033
0.936657
0.972610
0.978869
0.980835
0.981588
0.980537
0.983276
0.982223
0.983009
0.983484
0.983723
0.983542
0.984041
0.983999
0.984535
0.984160
0.984643
0.985055
0.984956
0.985032
0.985643
0.985052
0.985039
0.985446
0.985099
0.981718
0.975902
0.977339
0.975893
0.978517
0.977403
0.978669
0.979125
0.979728
0.978726
0.979667
0.974571
0.978753
0.979383
0.978857
0.977111
0.977883
0.978770
0.978099
0.978990
0.980296
0.979229
0.982053
0.978071
0.980979
0.980572
0.982688
0.982090
0.981600
0.982026
0.981357
0.982982
0.982492
0.983641
0.982630
0.981707
0.982384
0.982390
0.983281
0.983498
0.983554
0.983101
0.984397
0.985613
0.986754
0.987419
0.987911
0.987710
0.987448
0.986681
0.987141
0.986983
0.986789
0.986598
0.985925
0.985310
0.985226
0.984633
0.984697
0.981465
0.975443
0.980100
0.967964
0.971243
0.972570
0.946771
0.937853
0.831086
0.796625
0.740428
0.683752
0.660760
0.622471
0.611625
0.661781
0.615678
0.686747
0.697961
0.683123
0.682367
0.666522
0.659036
0.654403
0.653867
0.654733
0.655079
0.653408
0.654757
0.653455
0.651782
0.654149
0.656684
0.654535
0.653757
0.653196
0.652341
0.651893
0.651778
0.652220
0.652783
0.657981
0.700715
0.744359
0.683403
0.615666
0.624243
0.637512
0.634431
0.627032
0.617771
0.600287
0.593516
0.580194
0.598886
0.603622
0.584168
0.591110
0.556001
0.593378
0.572337
0.563249
0.580275
0.570458
0.577518
0.578375
0.569558
0.574368
0.577841
0.578368
0.567553
0.562404
0.583383
0.552333
0.559780
0.555577
0.565727
0.566460
0.569530
0.569811
0.579763
0.559521
0.566241
0.563134
0.577942
0.575302
0.561646
0.561462
0.572656
0.579739
0.580452
0.565340
0.644035
0.860772
0.964102
0.982685
0.979804
0.982225
0.980299
0.980273
0.981503
0.981197
0.981002
0.983267
0.983315
