0.000000
0.971174
0.971267
0.971368
0.971155
0.971257
0.971289
0.971282
0.971360
0.971330
0.971475
0.971472
0.971500
0.971388
0.971636
0.971535
0.971620
0.971612
0.971464
0.971587
0.972172
0.972751
0.973230
0.973561
0.973402
0.972945
0.972419
0.972140
0.971641
0.971692
0.971074
0.971529
0.971172
0.971100
0.971169
0.970465
0.970793
0.971504
0.971625
0.971616
0.971123
0.971256
0.971657
0.971548
0.972093
0.971183
0.966730
0.956800
0.948460
0.938110
0.943077
0.948227
0.948452
0.955228
0.952179
0.956720
0.960477
0.956571
0.961036
0.961668
0.961763
0.959572
0.958063
0.960252
0.961323
0.959308
0.963162
0.964826
0.964336
0.963668
0.965878
0.964751
0.966118
0.966541
0.966248
0.967376
0.967277
0.968267
0.968541
0.967991
0.967203
0.968663
0.968475
0.969275
0.970207
0.970226
0.970091
0.969991
0.970594
0.970615
0.972259
0.973966
0.975738
0.975411
0.975445
0.974966
0.974588
0.973947
0.973619
0.973319
0.972791
0.961247
0.951088
0.951486
0.963568
0.947193
0.961157
0.956170
0.961803
0.956694
0.957979
0.950346
0.950377
0.948131
0.951362
0.949020
0.946357
0.945148
0.944459
0.944446
0.944037
0.943502
0.943260
0.943166
0.942134
0.941752
0.941892
0.941912
0.942357
0.942412
0.942286
0.942564
0.942724
0.942928
0.942820
0.942853
0.942547
0.941699
0.942407
0.946658
0.950675
0.951484
0.954164
0.946064
0.942345
0.934602
0.934560
0.932401
0.938370
0.937685
0.933897
0.924014
0.912366
0.886902
0.854331
0.806319
0.741904
0.714610
0.688255
0.654820
0.653060
0.622965
0.615966
0.629780
0.619117
0.611000
0.611489
0.596119
0.640251
0.743231
0.835837
0.911397
0.942119
0.965213
0.969468
0.969068
0.969296
0.969394
0.969649
0.970614
0.970827
0.971589
0.970959
0.970728
0.971762
0.971875
0.972463
0.972368
0.972944
0.972904
0.972888
0.972320
0.972926
0.972909
0.969868
0.961813
0.960276
0.958804
0.959636
0.959681
0.960946
0.956211
0.957710
0.960483
0.961911
0.963300
0.959939
0.963371
0.957305
0.963189
0.963210
0.963592
0.966120
0.962156
0.964875
0.965538
0.964837
0.965236
0.966884
0.967187
0.967008
0.967901
0.967556
0.968217
0.968995
0.968969
0.969379
0.970040
0.970182
0.971072
0.970660
0.971414
0.971192
0.971493
0.972145
0.973724
0.975730
0.975573
0.975460
0.975813
0.975775
0.975296
0.974164
0.973976
0.973678
0.959601
0.945325
0.957004
0.951279
0.948293
0.942254
0.928049
0.929997
0.939186
0.923980
0.924443
0.921407
0.909263
0.906986
0.914967
0.915376
0.913096
0.915157
0.915358
0.914363
0.914998
0.915623
0.915028
0.915942
0.916347
0.917304
0.917191
0.917376
0.916741
0.916894
0.918004
0.918623
0.919089
0.918481
0.917413
0.917024
0.916100
0.916214
0.915115
0.916534
0.918139
0.914318
0.919839
0.907287
0.908253
0.911165
0.908371
0.907782
0.892443
0.894753
0.910110
0.911606
0.898150
0.851631
0.805102
0.754700
0.699070
0.679122
0.664790
0.660476
0.638685
0.662973
0.643338
0.648898
0.637779
0.681507
0.766046
0.855445
0.911038
0.937211
0.958340
0.966440
0.966488
0.789294
0.697078
0.654662
0.633583
0.652881
0.679120
0.703297
0.720905
0.742757
0.757851
0.768018
0.777186
0.787137
0.792891
0.795804
0.862567
0.949414
0.961789
0.960184
0.961710
0.955144
0.956855
0.961905
0.958905
0.962809
0.957857
0.959770
0.955378
0.959219
0.958030
0.954313
0.958009
0.961327
0.958219
0.966019
0.962010
0.960302
0.964152
0.965730
0.962893
0.964408
0.965704
0.965089
0.965151
0.966901
0.965940
0.966348
0.966645
0.967624
0.968574
0.968356
0.968944
0.969189
0.969455
0.969201
0.969634
0.969512
0.970086
0.970817
0.972983
0.974051
0.975961
0.975742
0.975087
0.974581
0.975318
0.974160
0.974045
0.973376
0.972563
0.960859
0.956705
0.946065
0.932365
0.935587
0.908685
0.911384
0.939883
0.930217
0.923403
0.949739
0.938989
0.935493
0.927183
0.919299
0.919999
0.920690
0.917994
0.917631
0.915750
0.918525
0.916617
0.916699
0.917291
0.917528
0.917069
0.916176
0.915394
0.915560
0.915663
0.916354
0.916904
0.916737
0.916343
0.916203
0.915547
0.916450
0.915931
0.919378
0.919367
0.924516
0.927368
0.925982
0.927874
0.926943
0.933550
0.926222
0.933246
0.925101
0.914004
0.902806
0.897537
0.869485
0.829253
0.803893
0.762551
0.714401
0.677366
0.656894
0.643491
0.625085
0.627129
0.601357
0.603058
0.592241
0.596034
0.597819
0.590759
0.578209
0.579814
0.589496
0.575039
0.578780
0.561129
0.554868
0.556226
0.565900
0.558280
0.569239
0.556461
0.562030
0.561266
0.556297
0.561567
0.551371
0.542219
0.537155
0.539364
0.530420
0.538157
0.538583
0.543556
0.548587
0.542969
0.523882
0.550383
0.547726
0.542657
0.535907
0.538845
0.545844
0.540261
0.549687
0.542893
0.557522
0.542031
0.542203
0.538902
0.532539
0.549418
0.554380
0.594087
0.713758
0.825944
0.909171
0.940689
0.958701
0.963549
0.965645
0.968329
0.968272
0.969311
0.969487
0.970597
0.970939
0.970711
0.970981
0.970292
0.970887
0.971238
0.971365
0.971674
0.972055
0.972288
0.972474
0.973050
0.972609
0.968247
0.959986
0.957300
0.958907
0.957264
0.955807
0.958432
0.959278
0.960884
0.956439
0.957556
0.964315
0.960077
0.958154
0.959795
0.961985
0.959469
0.958858
0.961927
0.963388
0.962410
0.964146
0.966587
0.963363
0.967065
0.965862
0.965793
0.966692
0.967799
0.966897
0.966528
0.967979
0.968081
0.969181
0.969298
0.969553
0.969229
0.969712
0.970279
0.969742
0.970400
0.970263
0.969901
0.971979
0.973426
0.975326
0.976515
0.976687
0.971070
0.975339
0.974875
0.974688
0.973660
0.973202
0.972908
0.966503
0.954308
0.940912
0.923377
0.945772
0.943957
0.941113
0.915686
0.931802
0.919622
0.929783
0.905117
0.905726
0.902807
0.882707
0.820904
0.783612
0.816313
0.789027
0.787591
0.792513
0.797327
0.799119
0.797195
0.799343
0.799838
0.801267
0.800499
0.799619
0.798254
0.798391
0.796692
0.797405
0.797920
0.799189
0.797028
0.796441
0.796624
0.797594
0.798286
0.801027
0.796545
0.797195
0.797614
0.795234
0.791881
0.791717
0.803673
0.801914
0.845044
0.843474
0.841637
0.818606
0.823403
0.833098
0.823442
0.832940
0.803954
0.788538
0.764686
0.726952
0.716436
0.699828
0.654519
0.659440
0.626483
0.600507
0.590018
0.608906
0.620436
0.609230
0.584497
0.572276
0.574230
0.569441
0.554139
0.555913
0.558103
0.566119
0.571134
0.564236
0.552000
0.549226
0.574514
0.568174
0.554200
0.551431
0.554844
0.556179
0.554455
0.553296
0.549490
0.555973
0.548090
0.536433
0.553641
0.552293
0.564220
0.530120
0.541507
0.531046
0.540057
0.543300
0.560250
0.556405
0.555376
0.533165
0.540655
0.544174
0.554956
0.556011
0.555676
0.553057
0.543022
0.528145
0.545578
0.550167
0.634899
0.750371
0.838147
0.912505
0.942709
0.955316
0.964554
0.967876
0.971298
0.970623
0.970117
0.970591
0.970247
0.970618
0.971681
0.971785
0.972105
0.971910
0.972044
0.971387
0.971602
0.972298
0.972568
0.972710
0.972275
0.972546
0.972049
0.971901
0.968329
0.696711
0.947126
0.961050
0.961730
0.959583
0.957909
0.959887
0.960789
0.959938
0.959010
0.959834
0.963268
0.963593
0.964210
0.962461
0.964686
0.964621
0.962550
0.964649
0.965782
0.965935
0.965293
0.965599
0.967203
0.966295
0.967573
0.968905
0.968444
0.967430
0.969934
0.970169
0.970711
0.971359
0.971712
0.971554
0.971602
0.971805
0.972684
0.973228
0.972623
0.973316
0.973440
0.974737
0.976270
0.976062
0.976389
0.976122
0.976328
0.976222
0.975676
0.975130
0.974852
0.970666
0.960435
0.953859
0.948255
0.953427
0.961567
0.952920
0.946328
0.945075
0.942680
0.924656
0.920357
0.911598
0.916617
0.892043
0.898653
0.877459
0.850488
0.805311
0.715192
0.700122
0.708609
0.717492
0.715582
0.717757
0.716826
0.715783
0.714459
0.710914
0.706094
0.708598
0.708244
0.707768
0.708211
0.704505
0.704835
0.703353
0.700683
0.699426
0.700989
0.699882
0.699858
0.702698
0.702925
0.711909
0.711018
0.707158
0.696701
0.699714
0.735631
0.758219
0.784047
0.807488
0.817220
0.806948
0.792217
0.789232
0.795664
0.777190
0.755102
0.744207
0.723645
0.719417
0.693599
0.673376
0.663164
0.652120
0.644689
0.646845
0.613768
0.598949
0.600881
0.594717
0.582815
0.573184
0.625622
0.724433
0.819587
0.901430
0.941111
0.956981
0.965053
0.969507
0.969343
0.969934
0.969434
0.969685
0.970397
0.969785
0.970867
0.971751
0.970488
0.971329
0.971232
0.971449
0.971763
0.972240
0.971979
0.971488
0.972088
0.971500
0.972191
0.968386
0.962491
0.964022
0.956300
0.960328
0.962432
0.959088
0.962281
0.954978
0.958330
0.958365
0.960664
0.961035
0.962502
0.961763
0.959903
0.959292
0.963261
0.964748
0.961895
0.961747
0.964354
0.963914
0.963879
0.964756
0.966048
0.965601
0.967506
0.967873
0.966237
0.968065
0.968275
0.968558
0.968848
0.969160
0.969251
0.968988
0.969785
0.969611
0.969468
0.971204
0.971099
0.970813
0.973020
0.974591
0.976366
0.976376
0.976088
0.975593
0.975674
0.975136
0.974536
0.973772
0.973367
0.972375
0.970388
0.956295
0.963156
0.958932
0.964233
0.952725
0.940022
0.928499
0.923042
0.910764
0.884324
0.871658
0.864168
0.878991
0.891276
0.893739
0.891661
0.893509
0.893938
0.892584
0.893502
0.893555
0.893933
0.891946
0.892631
0.892602
0.892334
0.892374
0.893781
0.893385
0.892759
0.892448
0.893427
0.894657
0.893745
0.893684
0.893887
0.892361
0.892758
0.892523
0.890801
0.884819
0.893858
0.905492
0.907106
0.895261
0.894643
0.884550
0.878071
0.879062
0.884317
0.874280
0.830052
0.781613
0.733376
0.709036
0.687368
0.680531
0.671981
0.657976
0.651075
0.626101
0.617113
0.626108
0.626171
0.615577
0.608870
0.611567
0.593329
0.607186
0.603922
0.572154
0.577716
0.587825
0.567350
0.565747
0.574632
0.582393
0.581385
0.575076
0.566957
0.567145
0.563197
0.555038
0.569039
0.562394
0.541944
0.544076
0.546062
0.550958
0.555201
0.561369
0.545014
0.554103
0.563558
0.540745
0.548770
0.548408
0.555633
0.579868
0.668471
0.767271
0.848567
0.925453
0.944553
0.958698
0.966905
0.969136
0.969713
0.970991
0.970922
0.971786
0.971624
0.971300
0.970583
0.970940
0.971498
0.971541
0.970602
0.970841
0.971667
0.971623
0.971857
0.972111
0.972277
0.971833
0.972292
0.968695
0.966940
0.960042
0.957184
0.959089
0.959975
0.955953
0.959437
0.958831
0.959150
0.961701
0.959046
0.963869
0.963720
0.962502
0.963221
0.965247
0.963505
0.961299
0.961579
0.964291
0.964609
0.966314
0.966415
0.964223
0.965536
0.966707
0.967167
0.966600
0.967490
0.967042
0.969531
0.968776
0.968391
0.969017
0.969370
0.970323
0.969953
0.970358
0.970279
0.970600
0.970599
0.970978
0.969997
0.971849
0.973668
0.975720
0.976635
0.976575
0.976468
0.975991
0.973644
0.974771
0.974468
0.973859
0.973632
0.972454
0.969457
0.946883
0.951592
0.953235
0.949806
0.953876
0.948304
0.932169
0.920596
0.927302
0.871019
0.874861
0.834082
0.787475
0.753463
0.723822
0.719336
0.716904
0.714497
0.714871
0.712389
0.713151
0.710811
0.710758
0.713951
0.712220
0.713507
0.713004
0.712418
0.715158
0.712076
0.710992
0.709134
0.711174
0.711978
0.709962
0.709871
0.709975
0.707008
0.707468
0.710559
0.713201
0.712254
0.709624
0.714355
0.733935
0.735908
0.767341
0.789153
0.816243
0.809113
0.798651
0.799041
0.770724
0.740720
0.751888
0.748779
0.747689
0.732894
0.691340
0.653300
0.633532
0.630263
0.629641
0.620871
0.621420
0.604035
0.600886
0.605122
0.585964
0.584758
0.597456
0.598298
0.605882
0.615387
0.609707
0.663141
0.764991
0.865661
0.923920
0.945959
0.959129
0.967181
0.968900
0.970408
0.968739
0.969109
0.969205
0.970620
0.971795
0.970979
0.970414
0.970332
0.970923
0.970823
0.971051
0.970671
0.970852
0.971149
0.971204
0.970661
0.971213
0.970712
0.966922
0.961150
0.957068
0.961345
0.962078
0.765574
0.960398
0.961673
0.962305
0.962608
0.962940
0.963282
0.961205
0.965312
0.962230
0.647769
0.936171
0.962195
0.964468
0.965179
0.965048
0.964882
0.967082
0.966098
0.967304
0.967987
0.968074
0.969215
0.969535
0.969797
0.969378
0.969767
0.970158
0.971528
0.971120
0.971932
0.972395
0.972358
0.972746
0.972803
0.972645
0.972561
0.972935
0.971400
0.973726
0.975865
0.976528
0.976325
0.976375
0.975301
0.975789
0.970262
0.919411
0.939025
0.940634
0.869959
0.789951
0.875188
0.913431
0.949075
0.952936
0.959469
0.956146
0.947221
0.930268
0.907631
0.876470
0.857069
0.834006
0.815466
0.826039
0.815968
0.817509
0.815668
0.818400
0.813759
0.812669
0.814655
0.814836
0.814732
0.816658
0.818636
0.817725
0.815505
0.813367
0.814658
0.811859
0.812742
0.812021
0.811174
0.811931
0.811131
0.811406
0.811189
0.807904
0.813088
0.816596
0.813720
0.817172
0.820852
0.824944
0.824779
0.824898
0.820907
0.815278
0.823993
0.832066
0.833912
0.827928
0.818494
0.818586
0.824049
0.803278
0.763028
0.715003
0.679908
0.678049
0.681199
0.652739
0.654429
0.615931
0.625803
0.617750
0.599013
0.591421
0.575282
0.581023
0.570031
0.566807
0.578214
0.567997
0.568316
0.573624
0.569821
0.556010
0.563662
0.565107
0.558660
0.564931
0.568857
0.586203
0.571378
0.584278
0.578157
0.567026
0.562574
0.561740
0.563131
0.566196
0.566974
0.568674
0.562387
0.551740
0.553042
0.552700
0.541725
0.545740
0.530670
0.533340
0.561686
0.677924
0.788453
0.891232
0.926462
0.953530
0.961074
0.970210
0.970443
0.970813
0.971250
0.972051
0.971730
0.970639
0.971569
0.971342
0.970935
0.971243
0.970924
0.971079
0.971083
0.971568
0.972283
0.972323
0.972472
0.972343
0.971823
0.972520
0.969237
0.963663
0.960085
0.959133
0.959957
0.960793
0.958499
0.959302
0.959321
0.959861
0.959979
0.959256
0.963028
0.962221
0.963889
0.963590
0.963571
0.959281
0.960164
0.961275
0.961354
0.966413
0.964690
0.965122
0.964821
0.966522
0.966023
0.965490
0.967343
0.967392
0.967886
0.968865
0.968610
0.969864
0.969729
0.968911
0.969167
0.969099
0.970239
0.970259
0.970778
0.971299
0.970692
0.972649
0.974308
0.976715
0.976627
0.976474
0.976510
0.976081
0.975824
0.974512
0.974441
0.973946
0.973603
0.970316
0.965522
0.957243
0.960334
0.953919
0.958018
0.941676
0.938951
0.917386
0.902657
0.871823
0.825094
0.771685
0.758119
0.760783
0.777797
0.735957
0.728513
0.730986
0.738427
0.738947
0.737314
0.740640
0.743356
0.744577
0.742237
0.741293
0.739206
0.737889
0.733317
0.732274
0.732830
0.732342
0.730087
0.732420
0.732540
0.730006
0.728463
0.727642
0.730490
0.730418
0.743367
0.741481
0.731865
0.736824
0.738349
0.755761
0.787428
0.801822
0.800262
0.779695
0.776089
0.760048
0.769470
0.735444
0.725223
0.724459
0.711551
0.693374
0.683742
0.659163
0.661289
0.642142
0.624781
0.635420
0.615794
0.617711
0.625884
0.619132
0.577989
0.565069
0.579672
0.575057
0.583183
0.566087
0.570827
0.557034
0.559709
0.576278
0.551771
0.560158
0.555304
0.546865
0.552965
0.554191
0.566136
0.556716
0.557312
0.576672
0.571017
0.572457
0.557871
0.546796
0.562127
0.582031
0.580067
0.578159
0.553342
0.561632
0.567376
0.546989
0.534336
0.546240
0.535608
0.537593
0.538858
0.530751
0.534452
0.540324
0.552260
0.552579
0.554590
0.530363
0.535776
0.528136
0.533201
0.521627
0.544904
0.539282
0.546990
0.561515
0.569801
0.548095
0.546760
0.531687
0.545971
0.562364
0.543926
0.536681
0.543170
0.553380
0.555510
0.563726
0.649240
0.774861
0.872377
0.922838
0.948752
0.962205
0.966062
0.969182
0.970516
0.970993
0.970060
0.970553
0.971314
0.971042
0.970806
0.970247
0.970513
0.970836
0.971306
0.971670
0.971696
0.971272
0.971807
0.971276
0.971576
0.972994
0.972247
0.965280
0.961950
0.963991
0.962315
0.963121
0.963078
0.962306
0.963416
0.961602
0.961120
0.964186
0.961199
0.961870
0.963414
0.963731
0.961457
0.962294
0.965076
0.962231
0.965722
0.964813
0.965195
0.967631
0.966474
0.966312
0.966667
0.967886
0.967819
0.968828
0.969089
0.968781
0.969170
0.969494
0.970692
0.970497
0.970491
0.970669
0.971274
0.971458
0.972054
0.971568
0.971725
0.972270
0.973218
0.975537
0.976870
0.977380
0.977005
0.976881
0.976741
0.975996
0.975557
0.975567
0.975156
0.974132
0.971409
0.969005
0.951066
0.952999
0.956840
0.940233
0.949352
0.926664
0.898186
0.862525
0.825414
0.844396
0.751516
0.700967
0.665950
0.675402
0.642644
0.631049
0.634523
0.624284
0.618334
0.615763
0.618585
0.619335
0.617269
0.616146
0.616264
0.617142
0.619689
0.622203
0.621520
0.623634
0.621818
0.622582
0.623274
0.621125
0.620961
0.619635
0.619584
0.620369
0.623361
0.624207
0.620432
0.611249
0.614926
0.623698
0.624402
0.630451
0.656087
0.688166
0.713708
0.717359
0.686552
0.659089
0.654332
0.639546
0.640847
0.621036
0.616423
0.635297
0.639475
0.636484
0.623971
0.628385
0.608840
0.596950
0.606101
0.619103
0.627764
0.602116
0.592333
0.594764
0.596952
0.595180
0.585185
0.599198
0.600968
0.595667
0.576533
0.564104
0.562143
0.565354
0.569060
0.558056
0.552321
0.540270
0.547056
0.578106
0.676813
0.793991
0.891019
0.941836
0.956361
0.963310
0.966925
0.971248
0.971752
0.972009
0.971226
0.971030
0.970892
0.971502
0.970520
0.970279
0.971253
0.971409
0.971532
0.971483
0.972089
0.971888
0.972105
0.971955
0.972297
0.970907
0.966350
0.962859
0.962492
0.958159
0.959964
0.953501
0.959427
0.959935
0.959942
0.958996
0.958860
0.962483
0.962157
0.562037
0.956931
0.963746
0.963895
0.963579
0.964885
0.966874
0.963345
0.965128
0.964414
0.966128
0.967334
0.967607
0.968079
0.968053
0.968657
0.968730
0.969555
0.970029
0.969917
0.970380
0.970217
0.970782
0.971231
0.971590
0.971410
0.972044
0.972498
0.972695
0.972784
0.974462
0.976449
0.976576
0.976112
0.975259
0.975929
0.975332
0.974685
0.971046
0.945725
0.949446
0.966065
0.940989
0.942102
0.924245
0.897167
0.940045
0.941386
0.942159
0.931752
0.900296
0.835792
0.806938
0.753762
0.768933
0.755458
0.747566
0.747179
0.746486
0.750034
0.757737
0.757948
0.757937
0.756160
0.754846
0.754438
0.754144
0.754210
0.753115
0.753495
0.753985
0.753610
0.753957
0.753463
0.752952
0.752045
0.752603
0.754389
0.754399
0.754222
0.760075
0.750457
0.749552
0.753427
0.757941
0.767256
0.774546
0.799334
0.800882
0.802296
0.782156
0.772132
0.759223
0.778598
0.777507
0.792226
0.764255
0.743885
0.726090
0.684240
0.669918
0.639603
0.622601
0.629375
0.633258
0.607032
0.601759
0.611692
0.607035
0.598266
0.602583
0.601219
0.579865
0.574508
0.562732
0.564256
0.544277
0.584197
0.563783
0.572266
0.582635
0.577021
0.577149
0.564779
0.547183
0.566592
0.552652
0.559214
0.563949
0.558129
0.553943
0.573262
0.549632
0.558371
0.538497
0.545949
0.535848
0.543349
0.531985
0.545799
0.574130
0.652941
0.748912
0.866045
0.921576
0.947218
0.963758
0.969740
0.968840
0.968873
0.969551
0.969354
0.968923
0.970785
0.970286
0.971099
0.971048
0.971218
0.970791
0.971234
0.971506
0.972135
0.971421
0.971023
0.971084
0.972259
0.973155
0.970077
0.965515
0.962430
0.954817
0.958181
0.956792
0.956616
0.957988
0.960908
0.959138
0.959217
0.963777
0.961794
0.957747
0.962115
0.962460
0.960756
0.964490
0.963401
0.961536
0.964587
0.967035
0.964798
0.965434
0.965629
0.966032
0.967361
0.967009
0.966948
0.967949
0.967838
0.968652
0.968016
0.968615
0.969374
0.969688
0.969780
0.969775
0.970016
0.970352
0.970513
0.970501
0.970856
0.973587
0.974866
0.976589
0.976699
0.976520
0.975990
0.975923
0.975179
0.974988
0.973704
0.973264
0.972545
0.969283
0.958423
0.952295
0.949891
0.956786
0.967540
0.961624
0.936009
0.891828
0.871439
0.859393
0.836812
0.785802
0.782486
0.745435
0.763538
0.743945
0.729853
0.734546
0.738844
0.739789
0.743052
0.741819
0.743422
0.744044
0.745657
0.744192
0.742332
0.740630
0.741186
0.741448
0.739208
0.739572
0.741051
0.739993
0.739231
0.741537
0.742130
0.742574
0.743977
0.740481
0.747796
0.743409
0.733405
0.736007
0.741779
0.752135
0.757106
0.774056
0.772798
0.786815
0.780111
0.801180
0.782066
0.765361
0.756772
0.737287
0.755016
0.734151
0.705525
0.671701
0.671206
0.654681
0.643753
0.631792
0.619612
0.579837
0.595880
0.595586
0.601726
0.613175
0.595852
0.586235
0.568080
0.570152
0.582176
0.552462
0.568569
0.565966
0.554104
0.559215
0.559863
0.570779
0.567324
0.557353
0.557985
0.556650
0.565661
0.558391
0.572564
0.574029
0.555353
0.545254
0.527246
0.534897
0.549976
0.561157
0.559726
0.563969
0.559040
0.541330
0.559483
0.573291
0.564624
0.558475
0.555488
0.555680
0.591939
0.710969
0.806406
0.879987
0.937056
0.955202
0.962164
0.967703
0.968417
0.970102
0.971355
0.970759
0.971194
0.971149
0.970671
0.970785
0.970908
0.970701
0.971289
0.971361
0.970943
0.971076
0.970365
0.970933
0.971340
0.971960
0.970678
0.971032
0.962709
0.960200
0.956302
0.954296
0.956828
0.955850
0.955184
0.962751
0.944558
0.956784
0.963308
0.958383
0.964886
0.964722
0.961462
0.962785
0.961842
0.964578
0.962848
0.955301
0.964452
0.963596
0.965443
0.966350
0.966600
0.966076
0.967334
0.968586
0.966980
0.968174
0.968517
0.968963
0.969245
0.969243
0.970107
0.970106
0.970134
0.970084
0.970447
0.971051
0.971136
0.971207
0.971734
0.973409
0.974550
0.976521
0.977129
0.976512
0.975115
0.975671
0.976409
0.975563
0.975014
0.975137
0.973801
0.974101
0.968540
0.955110
0.962370
0.960444
0.950646
0.952165
0.952486
0.952457
0.935459
0.866779
0.840513
0.857593
0.789273
0.823291
0.765936
0.711154
0.707050
0.715665
0.739311
0.737109
0.732464
0.733562
0.734850
0.730077
0.730945
0.731670
0.732385
0.732605
0.731346
0.732883
0.733156
0.734441
0.735198
0.733304
0.734654
0.734474
0.734162
0.732670
0.734251
0.734342
0.733837
0.733285
0.735171
0.732092
0.731260
0.735447
0.737344
0.725562
0.716760
0.728135
0.734364
0.757974
0.757040
0.758058
0.747549
0.743899
0.720914
0.714605
0.706491
0.713695
0.717303
0.702459
0.691454
0.672140
0.637038
0.648242
0.632452
0.643027
0.624460
0.597193
0.597616
0.596535
0.603076
0.607046
0.593530
0.603511
0.594913
0.577471
0.576375
0.572983
0.569957
0.588205
0.571714
0.577579
0.574572
0.557846
0.539738
0.549206
0.568170
0.565740
0.566094
0.559327
0.552989
0.571228
0.566558
0.548734
0.553204
0.549785
0.561471
0.564288
0.560232
0.564947
0.560857
0.544111
0.538540
0.536018
0.542172
0.556537
0.557262
0.654449
0.755005
0.861438
0.915071
0.941478
0.956372
0.965065
0.966801
0.968001
0.968900
0.969417
0.969827
0.969510
0.969685
0.971121
0.970561
0.970807
0.970286
0.970881
0.971038
0.971178
0.970970
0.971298
0.971013
0.971680
0.970444
0.970161
0.966075
0.956768
0.953070
0.954297
0.948402
0.959216
0.954676
0.956945
0.959509
0.959630
0.958593
0.959469
0.961000
0.959905
0.956608
0.960946
0.961551
0.963357
0.962609
0.963471
0.965337
0.963247
0.962935
0.965122
0.963465
0.966750
0.965512
0.967802
0.967893
0.968667
0.967918
0.968537
0.968912
0.967782
0.968952
0.969979
0.969907
0.970434
0.970434
0.970502
0.971114
0.970940
0.971304
0.971821
0.973379
0.974929
0.976391
0.977073
0.976400
0.976366
0.976194
0.975475
0.975115
0.974823
0.973806
0.973938
0.972724
0.961411
0.962920
0.957474
0.951855
0.957885
0.956107
0.941687
0.935259
0.901539
0.855765
0.823302
0.754218
0.753149
0.755381
0.740746
0.744963
0.723574
0.700538
0.703114
0.696513
0.692328
0.692676
0.694958
0.700495
0.705217
0.706532
0.704150
0.702220
0.702413
0.703019
0.702299
0.702772
0.705604
0.705315
0.703622
0.704836
0.705869
0.703551
0.704028
0.701122
0.701797
0.703661
0.694648
0.693462
0.708913
0.693398
0.699371
0.722240
0.753868
0.773112
0.783809
0.776397
0.747946
0.746512
0.732964
0.721964
0.720268
0.697809
0.715814
0.715952
0.729106
0.709306
0.654238
0.639538
0.629934
0.624115
0.632653
0.616777
0.597321
0.590018
0.575732
0.576091
0.603025
0.587846
0.559913
0.574852
0.575863
0.590016
0.573578
0.561535
0.570113
0.563294
0.565249
0.558698
0.564714
0.581887
0.574437
0.562635
0.547671
0.556642
0.558335
0.543599
0.557893
0.556686
0.546969
0.550460
0.532964
0.551712
0.545103
0.554031
0.537465
0.533812
0.536617
0.546234
0.525182
0.540802
0.533005
0.539352
0.542283
0.536265
0.543157
0.528194
0.549010
0.539512
0.535771
0.532285
0.524459
0.530789
0.527414
0.541637
0.562609
0.543381
0.531273
0.535792
0.574430
0.667424
0.790994
0.886181
0.927168
0.943738
0.955597
0.962012
0.964963
0.966934
0.967905
0.968576
0.968391
0.967554
0.966717
0.965836
0.967252
0.968841
0.968853
0.969676
0.969954
0.970099
0.970734
0.971201
0.971305
0.971207
0.971489
0.971243
0.971673
0.963822
0.960728
0.954610
0.955504
0.950564
0.951172
0.955620
0.954812
0.959598
0.959055
0.958238
0.959712
0.961893
0.958297
0.960860
0.958162
0.962397
0.962730
0.963804
0.963334
0.962727
0.963075
0.965218
0.965193
0.966218
0.966944
0.967975
0.968004
0.968892
0.968001
0.968242
0.969104
0.968880
0.969519
0.969260
0.970252
0.970295
0.970516
0.970460
0.970860
0.971590
0.971615
0.971470
0.971467
0.973603
0.975026
0.976469
0.976416
0.976387
0.975370
0.976389
0.976392
0.976123
0.975707
0.974998
0.974516
0.970031
0.968140
0.951107
0.958602
0.963957
0.963040
0.956149
0.940457
0.934858
0.909036
0.887570
0.863569
0.843888
0.790098
0.764707
0.711672
0.720826
0.669694
0.681122
0.654521
0.677307
0.688426
0.683391
0.687674
0.691795
0.693403
0.695663
0.697443
0.696044
0.691982
0.689853
0.690561
0.691887
0.691907
0.691741
0.691376
0.692256
0.690430
0.692687
0.694468
0.696875
0.696718
0.695661
0.696522
0.696195
0.691843
0.695081
0.685665
0.675493
0.666416
0.668296
0.670745
0.690613
0.703998
0.707880
0.728346
0.709997
0.706509
0.702860
0.694409
0.675993
0.678077
0.670180
0.678628
0.685935
0.663963
0.649150
0.637452
0.640310
0.619901
0.614879
0.603477
0.596769
0.583642
0.568624
0.576120
0.573590
0.574037
0.565510
0.580216
0.561101
0.572143
0.573265
0.579112
0.583657
0.560984
0.578210
0.555350
0.558953
0.572772
0.557876
0.561906
0.569552
0.559939
0.543016
0.544018
0.551037
0.538035
0.524679
0.528020
0.534781
0.552036
0.548589
0.552301
0.550561
0.539432
0.555389
0.540923
0.546278
0.533171
0.542252
0.554594
0.539383
0.554711
0.545759
0.538035
0.561632
0.568610
0.546502
0.538768
0.534108
0.536433
0.537446
0.535205
0.525975
0.534121
0.541304
0.548980
0.532720
0.527583
0.529638
0.538676
0.541626
0.526665
0.527126
0.549648
0.554577
0.581095
0.587039
0.556054
0.553590
0.540907
0.581472
0.655844
0.770210
0.859946
0.918678
0.941930
0.953780
0.961628
0.964876
0.965763
0.966529
0.966995
0.968964
0.970241
0.970043
0.970127
0.970060
0.970895
0.971160
0.970028
0.970281
0.969769
0.970199
0.970285
0.970777
0.970860
0.970243
0.970687
0.971168
0.965095
0.963079
0.955104
0.956381
0.950270
0.958063
0.954313
0.957717
0.955256
0.957936
0.956871
0.957713
0.956841
0.957111
0.958511
0.961620
0.959229
0.961664
0.958759
0.959740
0.958016
0.964135
0.963846
0.963804
0.964354
0.965144
0.965085
0.962618
0.966188
0.967296
0.967163
0.967244
0.966864
0.968022
0.967578
0.968616
0.968663
0.969233
0.969055
0.968986
0.969921
0.970102
0.970175
0.970117
0.971240
0.973486
0.975275
0.976834
0.976943
0.976566
0.976450
0.973733
0.973586
0.974558
0.973951
0.973138
0.973201
0.968342
0.947623
0.944700
0.953749
0.953847
0.952461
0.957059
0.937955
0.875769
0.869259
0.861138
0.788173
0.803343
0.743361
0.720599
0.725708
0.653132
0.679407
0.618195
0.623170
0.600989
0.594048
0.608658
0.611097
0.608074
0.603612
0.603426
0.600529
0.600510
0.600009
0.599080
0.599189
0.599954
0.599954
0.601527
0.603741
0.604371
0.602230
0.601781
0.601821
0.598863
0.599373
0.598170
0.597428
0.600431
0.599251
0.601109
0.605146
0.595372
0.586003
0.596095
0.610059
0.628525
0.657221
0.695266
0.706731
0.711174
0.679375
0.664531
0.646916
0.618108
0.626451
0.654551
0.660814
0.676470
0.656498
0.637858
0.635967
0.653576
0.635069
0.630057
0.609213
0.600253
0.590719
0.578158
0.582789
0.585970
0.594011
0.585725
0.579021
0.568605
0.569821
0.569884
0.583507
0.571341
0.573240
0.569992
0.549130
0.567310
0.574046
0.573321
0.569355
0.556350
0.548169
0.543563
0.562325
0.537596
0.560937
0.544175
0.564540
0.547890
0.556579
0.567505
0.563089
0.557234
0.541070
0.558036
0.539211
0.549854
0.550787
0.552181
0.542954
0.537210
0.542309
0.538527
0.543499
0.536581
0.548480
0.552535
0.548026
0.555344
0.549272
0.547742
0.536450
0.554489
0.549264
0.553616
0.538736
0.527658
0.525714
0.529269
0.534790
0.548292
0.541967
0.532249
0.537108
0.547415
0.546534
0.548635
0.536083
0.560609
0.648921
0.761809
0.878403
0.926434
0.945159
0.958848
0.962100
0.963739
0.963525
0.965197
0.965889
0.967608
0.968364
0.969155
0.969149
0.969084
0.969309
0.969622
0.969808
0.970017
0.970388
0.969878
0.969914
0.970945
0.971133
0.971726
0.971962
0.967345
0.955253
0.957469
0.947243
0.956536
0.942561
0.951647
0.952047
0.957866
0.958189
0.954966
0.957252
0.958168
0.960742
0.960751
0.960223
0.960412
0.963046
0.961975
0.961451
0.962547
0.963587
0.965369
0.963149
0.965874
0.966787
0.965372
0.966935
0.966749
0.968200
0.969085
0.969089
0.969837
0.969362
0.969943
0.970411
0.970271
0.970913
0.970749
0.970537
0.971508
0.971535
0.971816
0.972588
0.974285
0.976691
0.977027
0.977233
0.976816
0.976500
0.976094
0.975595
0.974336
0.975300
0.973983
0.973506
0.969424
0.963696
0.953363
0.951692
0.956639
0.959765
0.957689
0.955409
0.932996
0.894577
0.849680
0.820898
0.752266
0.729923
0.689324
0.697188
0.651504
0.667833
0.632710
0.629349
0.620142
0.633694
0.642913
0.645906
0.640026
0.643487
0.644282
0.643482
0.649500
0.649955
0.647355
0.650648
0.649815
0.646839
0.645065
0.644786
0.643715
0.643734
0.643377
0.646459
0.648688
0.646388
0.646010
0.648827
0.649365
0.648518
0.648167
0.642189
0.652955
0.629927
0.619168
0.643470
0.656417
0.678199
0.692439
0.704576
0.694553
0.660729
0.645080
0.642995
0.656414
0.642351
0.631342
0.627225
0.629792
0.634613
0.665106
0.728050
0.812742
0.888832
0.925599
0.947551
0.957364
0.958653
0.961484
0.964853
0.967185
0.964840
0.964354
0.964513
0.966503
0.968007
0.968233
0.968746
0.968594
0.969137
0.969800
0.970344
0.970215
0.970600
0.971037
0.971591
0.970381
0.966024
0.961674
0.956890
0.952798
0.950802
0.953528
0.955300
0.954849
0.960365
0.960813
0.948782
0.941440
0.956227
0.960221
0.957204
0.963369
0.957769
0.964711
0.962206
0.963573
0.964081
0.963221
0.964018
0.965537
0.966123
0.967734
0.967488
0.966170
0.967599
0.968242
0.969387
0.969454
0.969328
0.970575
0.970603
0.970744
0.971508
0.971918
0.972563
0.972234
0.972472
0.972529
0.973074
0.972269
0.972503
0.974204
0.975685
0.976309
0.975498
0.976048
0.976032
0.975700
0.975822
0.974892
0.974990
0.970383
0.957782
0.964003
0.964450
0.951635
0.938301
0.946805
0.955625
0.948944
0.956735
0.944519
0.926349
0.861087
0.862587
0.885409
0.861899
0.848708
0.849258
0.849931
0.849289
0.851245
0.850121
0.852367
0.853580
0.853432
0.853208
0.855550
0.854083
0.853867
0.854997
0.853139
0.855294
0.855360
0.854245
0.854070
0.854160
0.854296
0.852716
0.852332
0.854202
0.855715
0.854599
0.851467
0.852072
0.865762
0.874334
0.875941
0.880394
0.883555
0.880105
0.871864
0.859390
0.842399
0.845939
0.840928
0.832134
0.831665
0.823656
0.798481
0.761369
0.742122
0.715705
0.682336
0.678332
0.652610
0.636535
0.625149
0.617802
0.622419
0.616969
0.617161
0.616800
0.596085
0.573613
0.562792
0.582001
0.582439
0.580951
0.589105
0.581616
0.583497
0.634012
0.715727
0.818199
0.901245
0.928852
0.954222
0.962802
0.966850
0.969077
0.970164
0.969836
0.969326
0.969629
0.969285
0.968628
0.970303
0.970790
0.971516
0.971395
0.970945
0.971407
0.971606
0.971289
0.971062
0.970713
0.971281
0.971027
0.972110
0.965131
0.960717
0.957787
0.953826
0.954108
0.955188
0.959011
0.956856
0.958851
0.958205
0.956959
0.958078
0.959048
0.960270
0.961440
0.958842
0.963750
0.962550
0.960835
0.958987
0.962743
0.962873
0.965648
0.964452
0.964031
0.964528
0.966084
0.966613
0.968021
0.966695
0.967364
0.968087
0.969030
0.969271
0.969756
0.969769
0.969486
0.969525
0.970226
0.970535
0.971227
0.971697
0.971558
0.972012
0.973496
0.975312
0.976712
0.976643
0.976812
0.976432
0.976359
0.976236
0.975485
0.975019
0.974112
0.974044
0.973719
0.968665
0.971231
0.957804
0.963470
0.962800
0.964510
0.959186
0.919449
0.908002
0.890349
0.864829
0.830261
0.855433
0.799392
0.803843
0.811264
0.815514
0.811490
0.809877
0.808468
0.809578
0.806736
0.805705
0.805641
0.807125
0.804130
0.806357
0.805573
0.804679
0.804252
0.805918
0.806237
0.808066
0.807987
0.806573
0.807569
0.807109
0.809120
0.809187
0.805317
0.811145
0.809974
0.816486
0.795121
0.801488
0.806196
0.813663
0.826490
0.844869
0.858840
0.843645
0.826372
0.806220
0.787753
0.804602
0.811342
0.802620
0.805596
0.796372
0.749594
0.722082
0.699637
0.665616
0.651112
0.613085
0.612855
0.626296
0.603650
0.614034
0.599753
0.589335
0.605882
0.604865
0.610769
0.605317
0.593773
0.608689
0.590772
0.596750
0.590302
0.558711
0.563851
0.575386
0.557167
0.577638
0.581174
0.581623
0.569638
0.587031
0.599898
0.578613
0.572723
0.567002
0.561268
0.571661
0.632871
0.739367
0.840737
0.916990
0.949479
0.958913
0.966964
0.968848
0.968264
0.971456
0.970592
0.970989
0.970296
0.970260
0.970925
0.971531
0.972315
0.971096
0.971042
0.971043
0.971659
0.971261
0.971719
0.971765
0.971791
0.971726
0.970361
0.961908
0.963983
0.953600
0.955052
0.954879
0.961142
0.960110
0.952930
0.952262
0.951177
0.959885
0.956772
0.961142
0.957186
0.958206
0.956961
0.959867
0.962854
0.964613
0.962004
0.961795
0.959036
0.965114
0.966498
0.962643
0.964602
0.965687
0.965330
0.966313
0.964979
0.966883
0.967179
0.967954
0.967549
0.966711
0.968241
0.968182
0.967502
0.969454
0.968647
0.969257
0.969569
0.968747
0.970179
0.970348
0.973178
0.975140
0.977394
0.976964
0.976399
0.974109
0.975293
0.974668
0.973899
0.973137
0.972040
0.971777
0.969968
0.970430
0.950305
0.943432
0.962483
0.960733
0.941484
0.885059
0.891544
0.840750
0.814991
0.765394
0.772584
0.751201
0.792932
0.788302
0.771079
0.769964
0.766016
0.764052
0.758744
0.756675
0.758878
0.757935
0.756626
0.759013
0.759707
0.761236
0.761737
0.762586
0.763920
0.763250
0.766199
0.767755
0.766470
0.766731
0.765289
0.765993
0.766000
0.765752
0.766766
0.762735
0.759855
0.770600
0.775416
0.777948
0.790502
0.805461
0.816473
0.823906
0.821971
0.823174
0.816235
0.818569
0.799917
0.780612
0.757877
0.750678
0.749154
0.736048
0.735241
0.694344
0.660559
0.657740
0.648423
0.637384
0.624412
0.620967
0.610544
0.587570
0.598364
0.565337
0.579565
0.581769
0.577431
0.574355
0.565721
0.557655
0.567442
0.580763
0.565224
0.573256
0.574571
0.571985
0.556279
0.554793
0.551933
0.553940
0.549344
0.555615
0.548515
0.565477
0.569306
0.566434
0.563141
0.551447
0.549227
0.542815
0.542428
0.541038
0.604103
0.685662
0.797681
0.888987
0.923415
0.947409
0.957138
0.963354
0.963613
0.964924
0.967453
0.970264
0.970035
0.970977
0.970719
0.971119
0.970697
0.969979
0.969123
0.969319
0.968764
0.968701
0.968927
0.968397
0.969136
0.969024
0.968639
0.970105
0.965902
0.963480
0.957536
0.957772
0.956672
0.958980
0.951990
0.951521
0.953288
0.954032
0.952751
0.959306
0.959666
0.957542
0.953791
0.959509
0.953549
0.959016
0.960082
0.961125
0.958148
0.961451
0.959083
0.963874
0.963917
0.963304
0.962836
0.964278
0.964499
0.966516
0.964198
0.967063
0.966454
0.967225
0.968211
0.967962
0.967960
0.968540
0.968647
0.968026
0.969265
0.969437
0.970016
0.969483
0.970365
0.971996
0.973362
0.975992
0.976776
0.976851
0.976695
0.976198
0.974938
0.974579
0.973614
0.973237
0.972275
0.971457
0.971281
0.965287
0.955706
0.957712
0.949438
0.961805
0.942445
0.937328
0.868206
0.873007
0.790927
0.777218
0.728508
0.744601
0.749257
0.755994
0.746581
0.742790
0.741513
0.743288
0.752637
0.755327
0.752197
0.754236
0.754433
0.755398
0.754687
0.752737
0.751789
0.749709
0.750925
0.748503
0.749686
0.748353
0.747102
0.746876
0.743619
0.742757
0.743527
0.742552
0.741880
0.751154
0.750892
0.739623
0.736219
0.744667
0.744828
0.756938
0.763675
0.775232
0.797654
0.800714
0.791171
0.777431
0.745212
0.733857
0.728969
0.723280
0.749838
0.754561
0.743734
0.733578
0.696635
0.674368
0.647609
0.632838
0.618306
0.620577
0.604052
0.602188
0.606182
0.580605
0.583901
0.560875
0.578061
0.584202
0.591515
0.594414
0.593670
0.579947
0.599193
0.574696
0.586498
0.598426
0.574005
0.582195
0.575469
0.574710
0.567075
0.545666
0.550633
0.545954
0.552239
0.548496
0.560901
0.559447
0.548580
0.562387
0.611093
0.696272
0.796527
0.860449
0.917064
0.938214
0.949734
0.953567
0.960549
0.965692
0.967015
0.967881
0.968260
0.968823
0.968877
0.968994
0.969409
0.969054
0.969444
0.969908
0.969659
0.968623
0.969182
0.969077
0.969510
0.969667
0.970170
0.970137
0.970908
0.971694
0.966190
0.958802
0.954903
0.954995
0.956316
0.958903
0.958038
0.959167
0.958035
0.961361
0.959392
0.958661
0.959885
0.957797
0.956114
0.961739
0.958210
0.957346
0.962269
0.961664
0.961744
0.962581
0.962570
0.964854
0.963102
0.965374
0.963778
0.963861
0.965944
0.966582
0.966128
0.966983
0.966903
0.967480
0.968730
0.968813
0.968068
0.968724
0.969253
0.969257
0.969209
0.969763
0.969824
0.970305
0.971150
0.973046
0.974728
0.976869
0.976235
0.976686
0.976288
0.975513
0.975730
0.974721
0.973904
0.972909
0.973110
0.971778
0.965476
0.969231
0.938890
0.948425
0.964939
0.951055
0.940731
0.923044
0.909958
0.893652
0.827356
0.808018
0.776988
0.713842
0.757676
0.772738
0.753303
0.747975
0.744305
0.747417
0.748350
0.753038
0.751692
0.749620
0.750438
0.750558
0.751288
0.750332
0.749088
0.749394
0.750461
0.751878
0.751662
0.754340
0.757151
0.756759
0.755885
0.755961
0.758937
0.758863
0.756269
0.753848
0.752036
0.754354
0.757315
0.764515
0.785258
0.790523
0.797654
0.809551
0.807190
0.789803
0.773463
0.780188
0.778252
0.747550
0.735675
0.719832
0.725544
0.733364
0.711840
0.689777
0.695037
0.663464
0.650068
0.655670
0.654581
0.641171
0.632618
0.634185
0.631133
0.688331
0.739919
0.816484
0.902689
0.939287
0.955009
0.959017
0.965922
0.966143
0.966698
0.969143
0.969027
0.968461
0.968309
0.968670
0.969142
0.968478
0.968725
0.968918
0.969794
0.970290
0.970080
0.969923
0.970400
0.970968
0.971313
0.971179
0.972015
0.964936
0.960216
0.956668
0.952847
0.954378
0.955169
0.959561
0.955252
0.958784
0.955476
0.958879
0.950891
0.958310
0.957091
0.960274
0.960904
0.960696
0.960053
0.960054
0.962523
0.961146
0.962444
0.963051
0.963417
0.964881
0.962940
0.964427
0.965169
0.966254
0.966026
0.966827
0.967034
0.967508
0.967218
0.968036
0.967292
0.968621
0.968964
0.968332
0.969157
0.969310
0.969926
0.970373
0.970301
0.971192
0.973368
0.974985
0.976649
0.976720
0.976406
0.975511
0.974936
0.974400
0.974768
0.973691
0.972528
0.972675
0.971992
0.965629
0.966468
0.963228
0.963771
0.958251
0.955240
0.954024
0.948404
0.913062
0.921735
0.899815
0.839913
0.811312
0.798878
0.807382
0.806456
0.805461
0.805589
0.806345
0.805289
0.804967
0.802986
0.804135
0.801283
0.802800
0.800789
0.804063
0.805524
0.802453
0.804169
0.805949
0.805985
0.806225
0.806015
0.805489
0.804326
0.805250
0.805856
0.803433
0.808177
0.806814
0.800020
0.804026
0.825392
0.851335
0.856449
0.868402
0.865731
0.863078
0.864222
0.872243
0.869611
0.865863
0.855852
0.850469
0.846772
0.823403
0.790583
0.757165
0.735681
0.689364
0.654316
0.651869
0.630570
0.644287
0.616898
0.612537
0.613707
0.585878
0.604159
0.595570
0.604033
0.608389
0.592526
0.575031
0.581856
0.568537
0.558958
0.553477
0.584193
0.567390
0.569102
0.557597
0.561221
0.552180
0.546470
0.553138
0.566918
0.570613
0.550219
0.540079
0.547083
0.560815
0.557868
0.559836
0.548696
0.551018
0.567297
0.558630
0.535484
0.545720
0.552136
0.524339
0.535223
0.549782
0.547244
0.541188
0.541869
0.530774
0.540962
0.534563
0.534136
0.530741
0.530160
0.535241
0.538413
0.526431
0.541419
0.545155
0.556461
0.557336
0.553393
0.548208
0.555560
0.566825
0.556648
0.551833
0.554812
0.530877
0.528909
0.539248
0.535136
0.533051
0.544975
0.544734
0.549873
0.559523
0.538998
0.545362
0.540239
0.545394
0.552228
0.548524
0.550998
0.551162
0.546738
0.549318
0.548634
0.536054
0.544306
0.557359
0.648813
0.743876
0.845319
0.913358
0.940540
0.954111
0.960440
0.964305
0.967245
0.965119
0.968167
0.970116
0.971545
0.972030
0.971890
0.971259
0.971894
0.971758
0.971346
0.971396
0.972317
0.971850
0.972166
0.972476
0.972276
0.972391
0.972150
0.972297
0.967474
0.962198
0.956500
0.958662
0.959515
0.956772
0.957786
0.961894
0.957484
0.961460
0.957796
0.961922
0.960886
0.963975
0.959820
0.959172
0.959108
0.963293
0.964869
0.963968
0.961841
0.965876
0.966705
0.964997
0.966907
0.965962
0.965246
0.967637
0.967939
0.968382
0.966763
0.969288
0.969907
0.968785
0.969413
0.970448
0.970129
0.970249
0.970737
0.971159
0.971056
0.971889
0.972143
0.971975
0.972818
0.974061
0.976256
0.977511
0.977198
0.976694
0.976559
0.976244
0.976275
0.975776
0.974946
0.974567
0.974188
0.970999
0.968661
0.949671
0.954088
0.963420
0.950553
0.952494
0.935681
0.922553
0.913253
0.885033
0.859057
0.817733
0.717203
0.718590
0.649788
0.633062
0.652800
0.602531
0.612301
0.626862
0.644933
0.641506
0.642314
0.636575
0.629084
0.634221
0.632961
0.639123
0.638941
0.637608
0.638611
0.639509
0.637991
0.642931
0.644719
0.650009
0.645255
0.646370
0.647344
0.646073
0.645846
0.644782
0.646268
0.647267
0.646835
0.647110
0.645029
0.635518
0.632208
0.648062
0.642610
0.640181
0.677813
0.698447
0.718954
0.726853
0.724113
0.693200
0.653076
0.625250
0.612018
0.601201
0.618542
0.595754
0.601410
0.594374
0.590678
0.591692
0.613124
0.636967
0.630890
0.621615
0.600569
0.590477
0.610144
0.591713
0.590211
0.600101
0.615933
0.613760
0.592842
0.569981
0.574062
0.585337
0.579187
0.556551
0.559300
0.557042
0.558104
0.555533
0.621694
0.714252
0.815583
0.885705
0.929972
0.945887
0.960105
0.962908
0.967362
0.967765
0.967478
0.968868
0.970338
0.969544
0.969348
0.969735
0.970360
0.970359
0.970873
0.971586
0.970847
0.971260
0.971305
0.971272
0.971541
0.971736
0.972334
0.971884
0.964015
0.962096
0.796139
0.957595
0.962569
0.958891
0.964400
0.962841
0.960804
0.962638
0.961723
0.963677
0.962169
0.962139
0.962224
0.962574
0.961857
0.965445
0.965935
0.964386
0.963285
0.965843
0.965590
0.966399
0.966668
0.967154
0.967883
0.968731
0.967822
0.968602
0.968890
0.969162
0.970334
0.969602
0.969813
0.970782
0.970682
0.971600
0.971754
0.971438
0.972298
0.972578
0.972570
0.972812
0.973477
0.976022
0.977101
0.977352
0.976506
0.975999
0.976230
0.973218
0.975544
0.975237
0.974716
0.974947
0.972844
0.971282
0.966593
0.944490
0.966250
0.953460
0.943413
0.947787
0.917788
0.913755
0.879038
0.814545
0.763167
0.747857
0.747852
0.731473
0.726875
0.723512
0.719078
0.720153
0.714004
0.709913
0.711863
0.711498
0.711530
0.712638
0.712544
0.714544
0.713387
0.711867
0.713430
0.713104
0.713516
0.711480
0.711300
0.711632
0.710757
0.708355
0.707801
0.707815
0.708877
0.714874
0.713685
0.719004
0.726353
0.734264
0.727488
0.749743
0.769794
0.790393
0.802910
0.794641
0.776295
0.776901
0.772369
0.770186
0.771288
0.776044
0.779293
0.765912
0.745095
0.717081
0.698261
0.668111
0.644147
0.620891
0.611919
0.601249
0.603904
0.617140
0.604786
0.628260
0.609468
0.587025
0.602779
0.579876
0.608822
0.595292
0.600186
0.604820
0.584891
0.567795
0.552405
0.580273
0.564460
0.566861
0.553399
0.557874
0.563736
0.567954
0.568966
0.561296
0.557047
0.563222
0.565626
0.599999
0.706756
0.801247
0.889260
0.932196
0.953176
0.962331
0.963965
0.967001
0.968823
0.969737
0.971656
0.970168
0.970475
0.970179
0.970558
0.970736
0.970982
0.971312
0.970987
0.970920
0.971593
0.971811
0.971938
0.970985
0.971315
0.971095
0.971743
0.968275
0.963136
0.961064
0.957862
0.956208
0.959159
0.960327
0.962271
0.961106
0.960576
0.959245
0.963525
0.965045
0.959596
0.964182
0.963025
0.963900
0.966290
0.964180
0.962979
0.966351
0.965291
0.966318
0.966802
0.966668
0.965840
0.965979
0.968181
0.967946
0.968423
0.968779
0.969681
0.969902
0.969437
0.969958
0.970251
0.970704
0.970937
0.971026
0.971595
0.971296
0.972032
0.972400
0.972650
0.973812
0.974715
0.976812
0.977571
0.977581
0.977061
0.976707
0.976215
0.976365
0.975552
0.975141
0.974699
0.971189
0.973300
0.969434
0.959598
0.956176
0.959196
0.961764
0.964911
0.955517
0.940975
0.863565
0.875707
0.756423
0.798857
0.751557
0.777749
0.756815
0.723707
0.718207
0.713448
0.718199
0.715974
0.714926
0.719315
0.725390
0.724583
0.725786
0.728684
0.727467
0.729983
0.724730
0.724073
0.726528
0.723455
0.723853
0.724082
0.726594
0.728246
0.730645
0.732890
0.731999
0.735085
0.727868
0.729635
0.712524
0.715439
0.721382
0.723403
0.735541
0.764311
0.791956
0.815061
0.813593
0.812993
0.796354
0.793502
0.781435
0.781130
0.781106
0.765576
0.763065
0.753194
0.742619
0.714716
0.690383
0.662550
0.666607
0.643686
0.638379
0.622821
0.605854
0.597035
0.599878
0.595376
0.598410
0.596840
0.597224
0.593907
0.593896
0.594406
0.587184
0.558175
0.555546
0.555499
0.571883
0.580051
0.578611
0.572115
0.568362
0.576600
0.576869
0.559655
0.564058
0.552155
0.557510
0.544284
0.548595
0.559942
0.555052
0.545139
0.554640
0.538100
0.546576
0.543409
0.558760
0.555951
0.536449
0.544167
0.553460
0.541314
0.556763
0.549585
0.547771
0.566900
0.560225
0.566104
0.553940
0.548906
0.549919
0.517179
0.528362
0.534629
0.547277
0.569234
0.551222
0.544162
0.532451
0.553706
0.553850
0.567819
0.560580
0.559467
0.551848
0.556820
0.547196
0.539275
0.539339
0.538169
0.542438
0.545655
0.552085
0.544368
0.537169
0.530585
0.543916
0.534152
0.530692
0.541884
0.540797
0.542677
0.591454
0.676947
0.755735
0.845345
0.903602
0.937637
0.949376
0.961539
0.968405
0.968908
0.967986
0.967874
0.968461
0.970199
0.969420
0.970039
0.970371
0.970138
0.970581
0.970944
0.970918
0.971016
0.971378
0.971245
0.971533
0.971749
0.971379
0.971524
0.972811
0.967815
0.964767
0.960950
0.961395
0.952444
0.956442
0.957207
0.958019
0.959319
0.959728
0.958948
0.962214
0.956528
0.961837
0.961101
0.961505
0.959861
0.958931
0.961829
0.958739
0.962277
0.960614
0.964450
0.964013
0.963635
0.966291
0.966414
0.966584
0.967454
0.966532
0.964450
0.965936
0.966212
0.967434
0.968692
0.967990
0.969546
0.968170
0.968829
0.970311
0.968494
0.969692
0.969510
0.970053
0.970803
0.972455
0.974034
0.976208
0.977579
0.977447
0.977438
0.976806
0.975517
0.974264
0.974140
0.972503
0.972030
0.971081
0.953268
0.962189
0.961808
0.944521
0.944417
0.926317
0.882895
0.820944
0.778341
0.734993
0.684787
0.631112
0.624324
0.599113
0.624144
0.604970
0.626970
0.616421
0.600771
0.603809
0.606366
0.607729
0.606402
0.602142
0.605596
0.604789
0.604785
0.606763
0.604150
0.603694
0.604131
0.604464
0.602877
0.607026
0.606623
0.607601
0.608294
0.609187
0.607630
0.608354
0.605847
0.602081
0.604456
0.602474
0.621688
0.632140
0.647082
0.682943
0.701477
0.698932
0.691828
0.670114
0.640611
0.620663
0.602355
0.601938
0.592977
0.605634
0.611528
0.622964
0.621168
0.631451
0.632838
0.638413
0.610468
0.618545
0.622541
0.611904
0.614925
0.612630
0.611148
0.596769
0.591492
0.587088
0.586282
0.578688
0.596380
0.603378
0.584409
0.555743
0.564978
0.568450
0.570378
0.567769
0.551457
0.563873
0.574245
0.577011
0.583259
0.574684
0.557390
0.560459
0.545295
0.555054
0.545233
0.552749
0.562701
0.548268
0.554399
0.561732
0.591627
0.578224
0.573940
0.555450
0.571448
0.561856
0.561130
0.539636
0.539057
0.556618
0.551785
0.540094
0.552743
0.549001
0.563962
0.559363
0.548648
0.547321
0.544677
0.610550
0.707247
0.815243
0.890998
0.929126
0.946381
0.959067
0.966650
0.966308
0.969308
0.967856
0.966523
0.967612
0.968503
0.969427
0.969908
0.970176
0.970375
0.971414
0.970960
0.971142
0.971258
0.971516
0.971635
0.971585
0.971534
0.972500
0.972514
0.966889
0.960575
0.963156
0.958317
0.954413
0.958398
0.957404
0.832490
0.963610
0.959965
0.959551
0.964449
0.963579
0.961043
0.962933
0.960899
0.964565
0.964375
0.963793
0.965249
0.964555
0.965437
0.968794
0.967721
0.967359
0.968121
0.968007
0.968916
0.970074
0.970406
0.970026
0.970538
0.971339
0.971064
0.971492
0.972382
0.972037
0.972670
0.973212
0.973244
0.973125
0.973335
0.973647
0.973661
0.975460
0.977179
0.977388
0.976880
0.977001
0.976862
0.976941
0.976517
0.975995
0.976036
0.973267
0.974394
0.968555
0.956407
0.968504
0.961445
0.947668
0.962530
0.950019
0.934196
0.907474
0.874429
0.841854
0.781599
0.786031
0.728477
0.667846
0.687070
0.676274
0.635688
0.695317
0.704351
0.683529
0.693015
0.683023
0.682091
0.685281
0.684143
0.682879
0.682493
0.683500
0.683228
0.681583
0.683690
0.683970
0.684148
0.687658
0.687316
0.684755
0.686056
0.684136
0.685193
0.685560
0.685359
0.684761
0.684666
0.684368
0.681270
0.667776
0.686002
0.680587
0.691952
0.708912
0.728438
0.759062
0.760949
0.751748
0.721810
0.686975
0.668085
0.651219
0.628470
0.639196
0.658639
0.662290
0.652312
0.650671
0.633193
0.634937
0.637750
0.626855
0.623968
0.623370
0.614227
0.622478
0.591355
0.595878
0.598607
0.582466
0.585485
0.602635
0.595188
0.605620
0.597107
0.583762
0.567492
0.576571
0.554666
0.577379
0.564262
0.551253
0.560426
0.575851
0.568581
0.561623
0.562074
0.559599
0.534279
0.559184
0.550706
0.557289
0.562603
0.562536
0.596725
0.695332
0.791861
0.871324
0.920576
0.954344
0.958978
0.961989
0.965981
0.967618
0.969428
0.970448
0.970616
0.970486
0.970915
0.971123
0.971300
0.971038
0.970585
0.971315
0.971659
0.972143
0.972297
0.972123
0.972251
0.971780
0.972232
0.971804
0.966142
0.964087
0.958012
0.959249
0.954912
0.961054
0.960646
0.962536
0.958415
0.957222
0.958142
0.958076
0.961289
0.960937
0.962354
0.961438
0.962912
0.959130
0.964964
0.964727
0.962477
0.963512
0.965779
0.966257
0.968051
0.965801
0.967929
0.967569
0.968764
0.968513
0.969372
0.969452
0.970050
0.970546
0.970777
0.971026
0.971221
0.971649
0.972114
0.972952
0.972575
0.972938
0.973036
0.973230
0.974075
0.976594
0.977077
0.977305
0.976877
0.976882
0.975971
0.975566
0.976679
0.975769
0.972355
0.975160
0.974832
0.975236
0.970093
0.958385
0.954309
0.956764
0.961679
0.959120
0.930499
0.925133
0.870218
0.818327
0.749775
0.798420
0.732860
0.724258
0.735395
0.696443
0.711059
0.725756
0.728771
0.730167
0.729491
0.726719
0.724799
0.719432
0.714808
0.715657
0.714827
0.717041
0.716342
0.717190
0.718651
0.717416
0.716625
0.719340
0.718511
0.716838
0.719014
0.719480
0.716622
0.717017
0.718863
0.711139
0.730851
0.730521
0.705469
0.703155
0.719274
0.727638
0.738735
0.762241
0.777284
0.757815
0.748058
0.732625
0.741663
0.736748
0.720539
0.713974
0.718075
0.699936
0.701587
0.671101
0.653264
0.671496
0.667205
0.665800
0.645626
0.640301
0.613679
0.609531
0.606487
0.596032
0.589481
0.592623
0.590519
0.585404
0.587470
0.586665
0.591950
0.599724
0.595895
0.588544
0.571119
0.565918
0.565773
0.567454
0.551142
0.561916
0.553751
0.561353
0.569819
0.575772
0.561315
0.555068
0.560276
0.566144
0.558660
0.569142
0.560733
0.562348
0.563889
0.566606
0.564128
0.551375
0.561556
0.573649
0.576864
0.569464
0.552348
0.574968
0.565173
0.547251
0.559610
0.547738
0.574880
0.558202
0.558055
0.546630
0.539603
0.560408
0.556142
0.558776
0.557085
0.548604
0.551246
0.544022
0.550063
0.563352
0.649949
0.756932
0.867618
0.938412
0.953079
0.958088
0.966044
0.967660
0.969129
0.969556
0.969287
0.969853
0.970917
0.971301
0.971339
0.970943
0.970415
0.970499
0.970505
0.971495
0.971416
0.970803
0.970883
0.971142
0.971169
0.972010
0.972149
0.966943
0.961814
0.961309
0.958383
0.959702
0.958447
0.958963
0.959715
0.958018
0.960319
0.965291
0.960665
0.964507
0.960120
0.960813
0.960053
0.961794
0.963313
0.962965
0.964022
0.964382
0.964441
0.965851
0.967255
0.966807
0.965894
0.965960
0.967810
0.967183
0.967816
0.968566
0.968910
0.968706
0.970080
0.970163
0.970431
0.970628
0.970905
0.971250
0.971855
0.971941
0.971418
0.972405
0.971676
0.973382
0.974650
0.976775
0.977686
0.976914
0.976838
0.976554
0.976963
0.975999
0.975751
0.975304
0.975358
0.974621
0.974607
0.967326
0.958240
0.958385
0.957453
0.961630
0.960073
0.942324
0.911338
0.874458
0.830165
0.824665
0.726220
0.675652
0.657492
0.646847
0.641646
0.642584
0.667172
0.677287
0.681611
0.659268
0.657894
0.661364
0.654903
0.657303
0.664241
0.667672
0.668446
0.665403
0.668133
0.669474
0.673189
0.674203
0.671477
0.673375
0.673377
0.671432
0.670059
0.673540
0.671340
0.670797
0.670788
0.670402
0.671876
0.666194
0.656304
0.657876
0.657313
0.670971
0.681082
0.702409
0.726832
0.745559
0.760249
0.748910
0.707973
0.671636
0.657175
0.626115
0.627031
0.626311
0.638197
0.654135
0.654917
0.636387
0.652320
0.645691
0.642825
0.629890
0.621929
0.615335
0.599581
0.586560
0.599478
0.586366
0.598921
0.584754
0.586714
0.582512
0.592885
0.578071
0.589966
0.582033
0.586497
0.584787
0.577484
0.562489
0.576651
0.572502
0.575983
0.566703
0.549579
0.559008
0.550995
0.554733
0.547971
0.565601
0.563683
0.549489
0.566902
0.557083
0.546433
0.549261
0.553727
0.551182
0.555236
0.543427
0.531638
0.537010
0.552434
0.564351
0.550247
0.552834
0.536084
0.542153
0.544099
0.551887
0.541848
0.553683
0.548140
0.555932
0.554903
0.566590
0.554858
0.566838
0.562339
0.548094
0.546398
0.541333
0.529998
0.527501
0.520567
0.531590
0.539077
0.529246
0.549974
0.608289
0.686939
0.791257
0.877806
0.924333
0.942873
0.957975
0.968402
0.966744
0.968499
0.968390
0.970108
0.969763
0.971172
0.970550
0.970930
0.970729
0.970893
0.970893
0.970891
0.971166
0.971026
0.970956
0.970912
0.971121
0.971258
0.971906
0.971268
0.968376
0.956762
0.957362
0.959813
0.963575
0.959882
0.961135
0.962267
0.961772
0.964473
0.963126
0.959420
0.964631
0.964461
0.966024
0.967033
0.964405
0.962955
0.965928
0.964443
0.967075
0.968221
0.968229
0.967959
0.968983
0.969049
0.969253
0.969898
0.970276
0.970665
0.970352
0.970599
0.971971
0.972454
0.972250
0.972533
0.973004
0.973426
0.973390
0.973452
0.973732
0.974115
0.975186
0.977126
0.978212
0.977582
0.977307
0.977390
0.977677
0.976918
0.976733
0.976077
0.975728
0.975901
0.971984
0.963539
0.964597
0.964693
0.966633
0.964524
0.963476
0.963175
0.934532
0.896384
0.875464
0.808320
0.734222
0.694147
0.700373
0.664246
0.646887
0.638220
0.627512
0.654088
0.653363
0.644531
0.650188
0.650497
0.649464
0.652302
0.653491
0.656637
0.660845
0.659273
0.660463
0.660901
0.659477
0.655961
0.651289
0.651960
0.650401
0.648913
0.649423
0.649531
0.649725
0.648056
0.648105
0.649961
0.650847
0.659737
0.656149
0.649998
0.642494
0.649501
0.650209
0.674417
0.696673
0.712000
0.731644
0.707619
0.682331
0.663556
0.651737
0.629842
0.607347
0.608755
0.615746
0.643353
0.668897
0.661058
0.631248
0.615891
0.606658
0.619743
0.615973
0.611310
0.597494
0.603172
0.600828
0.608121
0.583981
0.588216
0.569268
0.576161
0.578455
0.579334
0.576438
0.567384
0.560124
0.559613
0.560207
0.567843
0.565319
0.547705
0.554110
0.558540
0.558317
0.568866
0.564139
0.563944
0.560610
0.554419
0.550244
0.556968
0.542106
0.564344
0.546389
0.544489
0.559165
0.553523
0.547946
0.554791
0.573071
0.566672
0.565268
0.572188
0.615623
0.701943
0.810840
0.891374
0.927190
0.947590
0.957958
0.964275
0.965743
0.968951
0.970297
0.970586
0.971643
0.971527
0.972320
0.971706
0.971524
0.971387
0.971895
0.971376
0.971533
0.971691
0.971129
0.971655
0.972008
0.971939
0.971908
0.972156
0.968382
0.965334
0.962258
0.963070
0.961550
0.962725
0.960193
0.957420
0.961973
0.915164
0.817407
0.961546
0.960278
0.963381
0.961804
0.962182
0.963198
0.964721
0.962784
0.963803
0.964773
0.965315
0.966757
0.964207
0.967937
0.967508
0.968245
0.968465
0.969946
0.968603
0.969687
0.969988
0.969310
0.969170
0.970745
0.971582
0.970684
0.971485
0.971936
0.971020
0.971317
0.972312
0.972419
0.972900
0.974202
0.975690
0.977369
0.977913
0.975285
0.977482
0.977125
0.976258
0.976550
0.975758
0.975801
0.969515
0.963852
0.962103
0.958311
0.937098
0.939575
0.926573
0.935514
0.932608
0.936104
0.924444
0.832404
0.821122
0.799511
0.732482
0.687223
0.660556
0.675365
0.684770
0.660574
0.663780
0.674008
0.690450
0.691531
0.692536
0.691332
0.691960
0.692653
0.692478
0.692557
0.692336
0.691434
0.690752
0.688253
0.688460
0.687059
0.688353
0.686174
0.685407
0.687015
0.687039
0.685200
0.685927
0.685528
0.688762
0.690274
0.697810
0.689601
0.683600
0.678034
0.658954
0.686561
0.710126
0.718382
0.728777
0.716763
0.713595
0.702679
0.689084
0.680050
0.653515
0.645698
0.651861
0.674611
0.667166
0.664461
0.661563
0.648927
0.651476
0.630500
0.629206
0.638495
0.644491
0.624873
0.617407
0.603972
0.601491
0.597493
0.590397
0.582672
0.582634
0.596633
0.584737
0.573423
0.568143
0.564134
0.555227
0.569516
0.572759
0.571999
0.570146
0.581983
0.571306
0.581586
0.578663
0.578058
0.561032
0.548375
0.558882
0.552210
0.545324
0.551223
0.549902
0.552470
0.550148
0.557209
0.550405
0.544542
0.536942
0.577593
0.578010
0.566131
0.548401
0.563581
0.552068
0.556521
0.544366
0.530572
0.541115
0.551795
0.551239
0.563119
0.554721
0.551478
0.561017
0.612213
0.722972
0.814843
0.875583
0.927331
0.946174
0.958561
0.965421
0.966501
0.966176
0.968835
0.968619
0.968532
0.967590
0.969003
0.970264
0.970649
0.971053
0.971679
0.971382
0.971857
0.971856
0.972075
0.971920
0.972299
0.971747
0.972164
0.972003
0.970223
0.964500
0.963564
0.960631
0.959802
0.963509
0.964720
0.964538
0.963437
0.961887
0.963442
0.959673
0.966941
0.963464
0.964802
0.966322
0.964915
0.963283
0.966488
0.966658
0.965383
0.967142
0.966279
0.967314
0.968113
0.966218
0.968700
0.968519
0.969388
0.969164
0.970152
0.969771
0.970994
0.971132
0.970755
0.970344
0.971095
0.971293
0.972023
0.972060
0.972603
0.972855
0.972854
0.973308
0.974643
0.975826
0.977627
0.977552
0.977776
0.977137
0.974583
0.976438
0.976411
0.976143
0.974819
0.975500
0.975076
0.974032
0.972719
0.970970
0.965796
0.957206
0.964965
0.959078
0.959210
0.931496
0.862300
0.854802
0.806970
0.731697
0.704828
0.665138
0.630733
0.644089
0.642598
0.652322
0.654052
0.648430
0.656760
0.650648
0.649523
0.651398
0.657104
0.652579
0.652702
0.652740
0.648726
0.650784
0.648933
0.647613
0.649034
0.650466
0.654340
0.650821
0.652691
0.651695
0.650174
0.652162
0.649836
0.648340
0.649754
0.652014
0.650615
0.653276
0.652177
0.655469
0.664317
0.674634
0.691852
0.702164
0.707617
0.710693
0.699795
0.681776
0.674971
0.659811
0.637441
0.646964
0.634702
0.643975
0.669574
0.668445
0.693942
0.646458
0.642110
0.631784
0.630826
0.613868
0.607786
0.594880
0.598753
0.590676
0.593634
0.599988
0.593828
0.576537
0.590390
0.601410
0.605737
0.587695
0.554972
0.543448
0.548045
0.558828
0.549787
0.571580
0.582488
0.626719
0.715492
0.793242
0.879014
0.927938
0.947162
0.954769
0.962558
0.967432
0.968105
0.968015
0.969890
0.969531
0.969230
0.967911
0.968747
0.970146
0.969535
0.970088
0.970279
0.970351
0.970050
0.970421
0.970487
0.971242
0.970886
0.970931
0.971677
0.972030
0.966530
0.966453
0.957922
0.959956
0.961947
0.958803
0.957890
0.959259
0.960878
0.961649
0.956711
0.962218
0.961994
0.961068
0.960773
0.963028
0.961824
0.964585
0.962732
0.962695
0.964225
0.961557
0.966144
0.964907
0.964297
0.965407
0.967106
0.966933
0.966975
0.966729
0.967529
0.967533
0.967550
0.967962
0.969610
0.969192
0.968629
0.970319
0.970240
0.970287
0.970954
0.970522
0.970391
0.971418
0.973244
0.974013
0.976357
0.977663
0.977413
0.973973
0.976795
0.976096
0.976153
0.975716
0.974259
0.972899
0.973763
0.972878
0.970624
0.972667
0.968214
0.965322
0.949407
0.958905
0.937273
0.898843
0.876188
0.823806
0.775991
0.790088
0.707871
0.753431
0.726591
0.730149
0.730300
0.729339
0.726375
0.724534
0.725498
0.723454
0.725171
0.723586
0.725346
0.727115
0.726445
0.728018
0.727793
0.731263
0.732076
0.729977
0.730586
0.733309
0.735081
0.735091
0.734877
0.737626
0.737520
0.732811
0.724244
0.725625
0.732046
0.717765
0.718702
0.742823
0.752928
0.774737
0.799323
0.795775
0.776909
0.771092
0.759164
0.734832
0.722053
0.733271
0.744721
0.763966
0.727687
0.727250
0.710961
0.685538
0.663384
0.650128
0.639331
0.646414
0.623147
0.621134
0.619567
0.602022
0.593650
0.585879
0.582985
0.583329
0.560957
0.573385
0.566597
0.560352
0.560150
0.558209
0.560954
0.569852
0.581988
0.564374
0.558861
0.563983
0.555684
0.575106
0.572088
0.561675
0.566506
0.570518
0.579595
0.567485
0.566467
0.554877
0.541578
0.539206
0.550745
0.540682
0.555954
0.556352
0.540627
0.537039
0.550242
0.561463
0.558701
0.576933
0.572161
0.578602
0.564001
0.553136
0.558816
0.561207
0.564996
0.562722
0.541763
0.558870
0.545627
0.536138
0.542365
0.547127
0.561825
0.553782
0.569339
0.564845
0.553440
0.553364
0.545079
0.552774
0.555684
0.546573
0.538386
0.555533
0.569190
0.557102
0.548829
0.550851
0.553887
0.535577
0.536978
0.532148
0.535030
0.540459
0.544850
0.564327
0.559778
0.552928
0.546085
0.546090
0.553353
0.542652
0.550694
0.552450
0.551983
0.568171
0.559275
0.562166
0.540784
0.557424
0.535220
0.552698
0.537116
0.530078
0.537068
0.540266
0.536543
0.545224
0.552449
0.563414
0.565618
0.536131
0.549125
0.551997
0.565407
0.570725
0.574042
0.563615
0.549493
0.575936
0.658380
0.749053
0.835810
0.899506
0.938684
0.959809
0.964949
0.967905
0.968453
0.969237
0.969519
0.969648
0.969892
0.969955
0.970252
0.971019
0.971672
0.971008
0.971812
0.971003
0.971725
0.971184
0.970227
0.970719
0.970738
0.971359
0.972057
0.967933
0.964388
0.963316
0.960512
0.961596
0.965681
0.961781
0.962087
0.963954
0.961625
0.964870
0.961609
0.966125
0.961900
0.966116
0.964364
0.965722
0.959480
0.964383
0.964075
0.966164
0.965148
0.966100
0.966546
0.966570
0.966120
0.967483
0.967559
0.968066
0.968550
0.969164
0.968507
0.969656
0.971043
0.969825
0.970123
0.970676
0.971102
0.972045
0.970648
0.971662
0.971434
0.972021
0.971966
0.973120
0.974589
0.976804
0.978137
0.978281
0.978188
0.977169
0.976375
0.976419
0.975801
0.975180
0.974843
0.974287
0.973977
0.972101
0.964094
0.944815
0.957484
0.966551
0.958199
0.932055
0.891452
0.851656
0.839135
0.779594
0.712020
0.680181
0.655603
0.642839
0.583958
0.598045
0.598019
0.593792
0.594170
0.619904
0.596266
0.615718
0.601638
0.599043
0.603863
0.617063
0.628832
0.633389
0.632898
0.634595
0.636788
0.642395
0.641966
0.640400
0.638644
0.635919
0.635590
0.635897
0.636467
0.635918
0.639859
0.637958
0.641878
0.640702
0.642154
0.642239
0.644220
0.642883
0.636988
0.639844
0.625985
0.618469
0.616521
0.616038
0.627280
0.658667
0.702272
0.703146
0.724491
0.706733
0.674008
0.659764
0.625348
0.611200
0.623601
0.617687
0.617521
0.607978
0.615509
0.604430
0.613591
0.619950
0.616015
0.616120
0.593726
0.603326
0.606979
0.594313
0.583313
0.595288
0.596196
0.599897
0.588043
0.580289
0.576524
0.568517
0.561032
0.564259
0.546598
0.567378
0.580924
0.562727
0.563798
0.560251
0.561419
0.572718
0.575490
0.572615
0.559668
0.553261
0.552831
0.564440
0.574174
0.574798
0.563095
0.560637
0.581034
0.565708
0.569280
0.546081
0.547462
0.558200
0.538608
0.549845
0.555223
0.557616
0.537077
0.552772
0.549866
0.587089
0.671114
0.775969
0.887253
0.918013
0.943644
0.960077
0.963872
0.968484
0.968535
0.969086
0.969318
0.969359
0.969552
0.970483
0.970030
0.970153
0.970681
0.970470
0.971423
0.971273
0.971320
0.971204
0.970856
0.970863
0.971230
0.971756
0.972281
0.963934
0.964387
0.961298
0.961827
0.965033
0.965040
0.961963
0.961420
0.960046
0.962636
0.966354
0.962822
0.960869
0.962904
0.963187
0.963225
0.960646
0.963192
0.964878
0.964542
0.966766
0.963218
0.964645
0.964399
0.967078
0.966531
0.968024
0.968733
0.968582
0.968490
0.968717
0.968785
0.969975
0.969351
0.970373
0.970103
0.970271
0.970960
0.970765
0.971367
0.971016
0.971654
0.971471
0.972273
0.973820
0.975430
0.977080
0.977955
0.977829
0.977612
0.977185
0.977321
0.976585
0.976234
0.975693
0.975510
0.974280
0.974470
0.972866
0.971652
0.962935
0.962498
0.962820
0.960482
0.941335
0.901660
0.847387
0.799631
0.741131
0.748365
0.695143
0.675027
0.669014
0.654441
0.674081
0.671244
0.670596
0.675842
0.680385
0.680803
0.686483
0.690561
0.689936
0.689762
0.690726
0.689672
0.689013
0.687719
0.687807
0.686787
0.689346
0.687264
0.688866
0.688448
0.690122
0.691033
0.688632
0.692025
0.690997
0.690905
0.689920
0.692204
0.687997
0.673146
0.672584
0.678232
0.698236
0.702550
0.711106
0.710748
0.698120
0.692497
0.656026
0.627941
0.622517
0.619822
0.623774
0.630352
0.647689
0.652868
0.658394
0.663303
0.642016
0.636835
0.634616
0.621461
0.625196
0.612095
0.617905
0.610500
0.598205
0.611772
0.603072
0.612796
0.613508
0.626480
0.682109
0.760272
0.845930
0.911178
0.943775
0.959009
0.962342
0.967090
0.968263
0.969073
0.969461
0.968975
0.969063
0.969282
0.970069
0.970592
0.970901
0.970558
0.970479
0.971042
0.970745
0.971143
0.971408
0.971938
0.971464
0.971063
0.971041
0.969715
0.963143
0.963060
0.960329
0.961300
0.963056
0.961878
0.964281
0.963692
0.963967
0.961513
0.961926
0.965079
0.964056
0.963441
0.963969
0.964624
0.965364
0.964000
0.963135
0.962907
0.965145
0.965975
0.965672
0.965100
0.967015
0.967326
0.969048
0.968683
0.966444
0.969558
0.969811
0.969756
0.970259
0.969645
0.970141
0.971398
0.971028
0.971318
0.971469
0.971563
0.971603
0.971527
0.971425
0.972443
0.974240
0.976032
0.978013
0.978031
0.974739
0.977237
0.976405
0.976336
0.975911
0.975180
0.974477
0.974355
0.974426
0.973416
0.973544
0.968772
0.963774
0.964631
0.959826
0.939603
0.906000
0.880771
0.849570
0.829904
0.810945
0.757745
0.774086
0.784601
0.784947
0.785106
0.784640
0.784531
0.785758
0.789767
0.790671
0.788997
0.789772
0.787730
0.787677
0.784593
0.784356
0.785145
0.785551
0.786098
0.787002
0.787855
0.789584
0.787947
0.787866
0.788710
0.787421
0.787331
0.787401
0.784126
0.779715
0.775842
0.771435
0.766782
0.769088
0.786789
0.812213
0.825638
0.834434
0.839069
0.837007
0.823348
0.809473
0.794718
0.792636
0.788444
0.786363
0.751938
0.731577
0.687211
0.670822
0.650544
0.661266
0.663296
0.650261
0.646188
0.637843
0.610661
0.608209
0.586740
0.584370
0.598309
0.582786
0.580035
0.574080
0.569434
0.574816
0.566365
0.577905
0.573115
0.579627
0.574611
0.568943
0.583025
0.563043
0.559896
0.560381
0.563198
0.560896
0.565921
0.634260
0.716200
0.811174
0.880846
0.926128
0.952664
0.960701
0.967218
0.969088
0.970061
0.970259
0.971398
0.970115
0.970900
0.971243
0.971382
0.972094
0.972005
0.971964
0.971658
0.971755
0.970970
0.971435
0.972102
0.971646
0.971512
0.971626
0.972272
0.969753
0.965557
0.962423
0.961675
0.962901
0.962208
0.961234
0.960224
0.964705
0.962653
0.965705
0.965382
0.961629
0.965439
0.964146
0.964962
0.963976
0.961419
0.964954
0.965307
0.966085
0.965964
0.966356
0.965610
0.967447
0.966663
0.966792
0.968076
0.967957
0.967828
0.969059
0.969155
0.969205
0.969362
0.970521
0.969437
0.970830
0.971026
0.970654
0.970565
0.971192
0.970898
0.970804
0.971420
0.973415
0.974700
0.976395
0.977523
0.978057
0.975733
0.974382
0.976853
0.976723
0.975475
0.975641
0.975076
0.970138
0.974376
0.973826
0.973293
0.961739
0.964749
0.961553
0.966755
0.929288
0.906804
0.847695
0.787531
0.795093
0.756025
0.768667
0.758405
0.773690
0.748588
0.733204
0.743785
0.745931
0.746996
0.748263
0.752411
0.751616
0.750491
0.747991
0.751550
0.747272
0.747368
0.743424
0.746672
0.745658
0.744973
0.745947
0.747930
0.749164
0.750512
0.749259
0.750910
0.750401
0.745010
0.747177
0.748169
0.743143
0.747511
0.771704
0.790454
0.799838
0.804467
0.821700
0.824231
0.804256
0.775813
0.771303
0.763425
0.768931
0.779110
0.774513
0.750721
0.752525
0.724452
0.714140
0.701914
0.683495
0.649326
0.643461
0.626660
0.612589
0.595414
0.610091
0.591351
0.597564
0.602607
0.606100
0.623307
0.599805
0.613283
0.585277
0.587258
0.577577
0.570216
0.566085
0.596141
0.590216
0.580610
0.582293
0.575055
0.592409
0.581679
0.572069
0.567316
0.571068
0.573252
0.604900
0.571631
0.576687
0.578419
0.566943
0.556378
0.555503
0.562248
0.539598
0.543358
0.547885
0.548270
0.552028
0.549491
0.577140
0.559372
0.556615
0.549714
0.548422
0.542779
0.542868
0.560031
0.553780
0.552384
0.546713
0.540154
0.553958
0.552950
0.557625
0.562654
0.562403
0.562293
0.552882
0.549335
0.536095
0.522004
0.544746
0.532924
0.559625
0.565541
0.560836
0.556880
0.554089
0.565710
0.573688
0.615280
0.713062
0.805072
0.886377
0.935289
0.951996
0.961784
0.968663
0.969669
0.968071
0.970905
0.970979
0.971357
0.971698
0.971808
0.971769
0.971950
0.971987
0.972466
0.972604
0.972742
0.972277
0.972628
0.972843
0.972638
0.972604
0.973040
0.972330
0.971753
0.967699
0.963395
0.963856
0.962154
0.961741
0.963450
0.964997
0.961370
0.963667
0.962505
0.961931
0.961888
0.962502
0.963951
0.962792
0.961604
0.964845
0.963972
0.963149
0.964974
0.966713
0.965622
0.964760
0.964264
0.966918
0.967820
0.966421
0.968217
0.967421
0.966813
0.967597
0.968893
0.968525
0.970011
0.968662
0.969766
0.969057
0.970299
0.970524
0.970013
0.970877
0.971081
0.970601
0.971955
0.972374
0.974815
0.976618
0.978131
0.978297
0.977545
0.977391
0.976859
0.976180
0.975478
0.973703
0.973916
0.972618
0.969118
0.970252
0.969017
0.953588
0.955188
0.957274
0.928283
0.901061
0.852527
0.820021
0.775296
0.707518
0.653294
0.656754
0.629269
0.621036
0.623000
0.670926
0.692625
0.659848
0.663244
0.652858
0.654307
0.654493
0.653836
0.654641
0.653116
0.650195
0.648233
0.649088
0.651516
0.652341
0.654409
0.653888
0.652688
0.653666
0.651555
0.650932
0.650722
0.653941
0.654725
0.652847
0.653569
0.652412
0.655050
0.657293
0.662302
0.668191
0.683717
0.698176
0.715089
0.745772
0.754019
0.758276
0.744077
0.732478
0.714552
0.684940
0.669438
0.662195
0.656676
0.661578
0.667886
0.659210
0.663492
0.646088
0.615957
0.599611
0.603850
0.603324
0.608474
0.600048
0.608556
0.587810
0.608905
0.588926
0.582604
0.588012
0.581365
0.587051
0.585216
0.575225
0.576112
0.575588
0.562338
0.580048
0.583582
0.581109
0.585347
0.582537
0.634281
0.724545
0.807117
0.888253
0.929003
0.950225
0.957373
0.964277
0.967635
0.967466
0.968175
0.970574
0.970695
0.971269
0.971807
0.972207
0.971265
0.971532
0.971122
0.971852
0.972167
0.971912
0.971874
0.972054
0.972437
0.972564
0.972882
0.972832
0.968559
0.969208
0.892974
0.794671
0.962742
0.964475
0.963611
0.963883
0.961881
0.966924
0.963983
0.965716
0.963854
0.963361
0.963958
0.968293
0.966604
0.965037
0.966428
0.966401
0.966753
0.967011
0.964148
0.967449
0.968160
0.968180
0.967366
0.969361
0.969184
0.969984
0.970578
0.970552
0.971217
0.970846
0.971214
0.971312
0.971435
0.971617
0.971926
0.972182
0.972081
0.972441
0.972807
0.972778
0.973222
0.975219
0.977056
0.978042
0.978269
0.978052
0.977596
0.976723
0.976058
0.976420
0.975583
0.975402
0.975033
0.975268
0.971546
0.969737
0.969300
0.966043
0.959210
0.934459
0.935352
0.926872
0.895902
0.879765
0.839048
0.778137
0.703329
0.761959
0.765057
0.750272
0.741709
0.744548
0.743515
0.740838
0.740493
0.739235
0.735744
0.736174
0.735338
0.734683
0.734756
0.736987
0.739509
0.741537
0.743310
0.742763
0.745730
0.745184
0.741259
0.742594
0.741748
0.742274
0.742358
0.743449
0.735372
0.734883
0.747570
0.743765
0.753456
0.769113
0.788061
0.804341
0.817435
0.812170
0.774297
0.765406
0.756659
0.745876
0.740812
0.734261
0.716637
0.721104
0.717100
0.714439
0.710697
0.732338
0.703617
0.661848
0.631244
0.630068
0.626405
0.631756
0.632471
0.630900
0.599627
0.584648
0.580973
0.576925
0.580231
0.573584
0.561025
0.562188
0.558256
0.566608
0.570779
0.591335
0.561678
0.569556
0.551789
0.572223
0.561887
0.573174
0.562753
0.565238
0.556379
0.564326
0.554784
0.563330
0.555701
0.558960
0.565140
0.595510
0.698821
0.792805
0.872668
0.932441
0.955534
0.966991
0.967349
0.968849
0.970911
0.970664
0.970102
0.970928
0.971508
0.971150
0.971428
0.971810
0.972023
0.972276
0.972659
0.972881
0.972268
0.973071
0.972598
0.972869
0.972713
0.972381
0.970621
0.969068
0.966364
0.964787
0.963532
0.966618
0.965812
0.965776
0.964627
0.964408
0.961908
0.963573
0.964232
0.963068
0.966412
0.965048
0.965195
0.961075
0.963771
0.962986
0.966269
0.965165
0.968425
0.967780
0.967575
0.968290
0.966899
0.968083
0.968441
0.968211
0.969881
0.969619
0.970130
0.970138
0.970961
0.970658
0.970628
0.970848
0.971345
0.970908
0.971602
0.971772
0.971768
0.972391
0.972822
0.974168
0.975888
0.977676
0.978193
0.977980
0.977768
0.977874
0.976899
0.976851
0.976543
0.974978
0.975075
0.974806
0.974051
0.970943
0.969296
0.968376
0.967146
0.961188
0.952983
0.925120
0.901641
0.838916
0.788221
0.769942
0.719164
0.724070
0.742805
0.747591
0.748667
0.751589
0.747540
0.746064
0.745395
0.745465
0.743100
0.743278
0.741130
0.741863
0.739111
0.739440
0.739179
0.738306
0.737971
0.738884
0.736361
0.737483
0.739320
0.736005
0.736565
0.737305
0.737973
0.738971
0.736495
0.744913
0.744745
0.743269
0.748004
0.737970
0.753362
0.793312
0.805253
0.802847
0.791539
0.775990
0.749336
0.744604
0.725987
0.703026
0.680452
0.705392
0.719800
0.724942
0.716003
0.705293
0.669771
0.669449
0.650224
0.651391
0.630111
0.625467
0.612238
0.603768
0.600585
0.607552
0.613543
0.597312
0.565601
0.572362
0.558114
0.574370
0.578145
0.582499
0.593109
0.587929
0.587804
0.577611
0.565886
0.566371
0.563369
0.553026
0.542757
0.564194
0.565095
0.564941
0.587668
0.570634
0.558050
0.554399
0.586224
0.652183
0.748547
0.839576
0.914415
0.940892
0.958029
0.963268
0.965169
0.968824
0.970067
0.970188
0.970453
0.970342
0.970619
0.971569
0.971943
0.971734
0.972402
0.971879
0.971747
0.971477
0.972085
0.972416
0.972138
0.972517
0.972204
0.972266
0.970498
0.968943
0.964053
0.963445
0.963656
0.964865
0.960851
0.963126
0.965440
0.962455
0.966056
0.962381
0.959817
0.965123
0.962179
0.964159
0.962638
0.964610
0.964622
0.964039
0.963837
0.965368
0.964836
0.962878
0.967811
0.965514
0.966342
0.966107
0.968290
0.969042
0.968678
0.967897
0.967321
0.967510
0.968796
0.969405
0.968228
0.969995
0.969402
0.969847
0.970316
0.969615
0.969720
0.970214
0.971434
0.972708
0.974984
0.977524
0.977813
0.977336
0.974007
0.976609
0.975752
0.972467
0.975324
0.972772
0.973244
0.972715
0.971684
0.966455
0.964830
0.965592
0.951411
0.941444
0.910006
0.855145
0.816861
0.746686
0.745931
0.704660
0.762633
0.765964
0.762746
0.781708
0.775237
0.776744
0.773496
0.771179
0.770068
0.769349
0.768632
0.766438
0.766911
0.768722
0.766638
0.767725
0.767966
0.767347
0.768057
0.767708
0.767418
0.768282
0.766212
0.765317
0.763795
0.766049
0.769142
0.776401
0.777748
0.776317
0.770271
0.765504
0.773742
0.769881
0.789309
0.804383
0.803870
0.777379
0.766723
0.757460
0.744829
0.725419
0.717882
0.716766
0.705544
0.695842
0.686357
0.671175
0.674313
0.657262
0.639638
0.644373
0.618792
0.624235
0.604571
0.611437
0.606787
0.615400
0.607586
0.615933
0.608046
0.597835
0.597988
0.580220
0.575870
0.586027
0.588658
0.586993
0.617176
0.683020
0.761098
0.853925
0.900932
0.930397
0.954797
0.964410
0.967192
0.970930
0.970669
0.971085
0.969151
0.970147
0.969974
0.969862
0.970602
0.969974
0.970335
0.970079
0.970540
0.970521
0.970786
0.970950
0.971122
0.970468
0.971423
0.971737
0.972125
0.967728
0.963519
0.963491
0.961329
0.964266
0.963661
0.964390
0.962153
0.962220
0.962722
0.964803
0.963415
0.961327
0.963866
0.963783
0.962767
0.963534
0.964571
0.964373
0.963778
0.967014
0.965647
0.966779
0.966597
0.967158
0.966373
0.968087
0.967592
0.967768
0.968069
0.968996
0.967779
0.969028
0.969898
0.969939
0.970682
0.970633
0.969808
0.970443
0.971370
0.970760
0.971054
0.971489
0.972522
0.974114
0.976052
0.977742
0.978016
0.977631
0.976862
0.976880
0.976658
0.975790
0.975817
0.975266
0.974786
0.974307
0.973659
0.973225
0.971584
0.969555
0.962775
0.953744
0.957174
0.907024
0.886311
0.907902
0.834679
0.835352
0.801421
0.761533
0.768373
0.779991
0.774153
0.770298
0.769823
0.770091
0.768618
0.767690
0.767183
0.767148
0.766711
0.766248
0.765916
0.765549
0.764413
0.766671
0.766963
0.768389
0.767462
0.767565
0.768011
0.768767
0.768894
0.770795
0.771416
0.768262
0.770414
0.770964
0.777047
0.779517
0.777522
0.765525
0.779903
0.808473
0.811759
0.827680
0.830453
0.805108
0.804373
0.795235
0.781255
0.782134
0.777377
0.770251
0.751448
0.738825
0.729891
0.717937
0.704646
0.703243
0.667975
0.650777
0.621923
0.629211
0.645253
0.649186
0.637922
0.629996
0.620419
0.600173
0.604608
0.595155
0.583685
0.579741
0.575130
0.576087
0.575676
0.567449
0.552093
0.559851
0.560322
0.573002
0.569634
0.558070
0.562125
0.565875
0.562096
0.578239
0.595774
0.577922
0.557466
0.577124
0.582342
0.581438
0.568989
0.541116
0.560319
0.557983
0.549162
0.587655
0.678975
0.786106
0.879979
0.917669
0.950766
0.962132
0.967984
0.969664
0.969688
0.970206
0.970014
0.970031
0.971241
0.972151
0.972600
