0.000000
0.988930
0.988930
0.988938
0.988875
0.988924
0.988925
0.988958
0.989034
0.989060
0.989000
0.988968
0.988885
0.988924
0.988864
0.988948
0.988925
0.988902
0.989003
0.989226
0.989565
0.989710
0.989369
0.988876
0.987961
0.986667
0.985942
0.982896
0.984054
0.984194
0.983935
0.983851
0.983827
0.984928
0.986154
0.986500
0.987068
0.987122
0.986795
0.987093
0.987383
0.987435
0.987294
0.987267
0.986964
0.986753
0.986443
0.985696
0.982392
0.977683
0.978236
0.976645
0.974092
0.978417
0.979308
0.978639
0.978689
0.977340
0.976022
0.977139
0.977821
0.979391
0.977313
0.980897
0.977321
0.979967
0.982889
0.983489
0.981264
0.983061
0.983504
0.983234
0.982927
0.983062
0.983794
0.984855
0.983653
0.985049
0.984410
0.985020
0.984479
0.985039
0.985084
0.985301
0.986112
0.985740
0.985980
0.986093
0.986249
0.986590
0.986538
0.988587
0.989670
0.990605
0.990831
0.990655
0.990141
0.990310
0.990048
0.989736
0.989197
0.988755
0.986591
0.969925
0.977364
0.978065
0.977085
0.979108
0.984376
0.982594
0.978257
0.978403
0.965356
0.960705
0.954607
0.951388
0.951077
0.951473
0.950952
0.952051
0.952140
0.951466
0.952142
0.952315
0.952281
0.952414
0.952354
0.952240
0.952061
0.951805
0.951694
0.951660
0.951837
0.951759
0.951993
0.951967
0.951807
0.951147
0.958482
0.956445
0.959862
0.968773
0.905785
0.837386
0.736234
0.692910
0.670489
0.651336
0.623712
0.621143
0.623622
0.608031
0.614831
0.607259
0.603887
0.730535
0.887909
0.964189
0.979143
0.983410
0.985460
0.985484
0.984664
0.986092
0.984615
0.983869
0.985547
0.984306
0.985197
0.985183
0.986549
0.986412
0.985654
0.986187
0.986918
0.987288
0.987806
0.988071
0.987985
0.987290
0.986027
0.985524
0.984232
0.981205
0.982135
0.979875
0.981143
0.980699
0.980292
0.978709
0.979899
0.980029
0.981324
0.979649
0.981865
0.981991
0.980590
0.977945
0.981565
0.979862
0.981738
0.983116
0.982623
0.982455
0.983441
0.982922
0.983704
0.984233
0.984512
0.984593
0.984439
0.986111
0.984188
0.984717
0.985258
0.985711
0.985483
0.985296
0.985626
0.986109
0.985598
0.985453
0.986751
0.986921
0.987459
0.989093
0.990258
0.990899
0.990809
0.990586
0.990158
0.990260
0.989999
0.989737
0.989398
0.988715
0.988682
0.985091
0.976233
0.967296
0.980814
0.980191
0.976630
0.964206
0.961076
0.952684
0.940936
0.920387
0.871974
0.827456
0.773781
0.777654
0.813351
0.804364
0.817058
0.817199
0.819705
0.821232
0.821865
0.822827
0.822104
0.821264
0.821518
0.822252
0.822089
0.821781
0.821668
0.822057
0.823476
0.824692
0.824027
0.823065
0.822155
0.822056
0.822430
0.816884
0.808620
0.844705
0.808083
0.816167
0.799051
0.782007
0.747321
0.697323
0.656027
0.666850
0.658807
0.631830
0.627760
0.613273
0.612983
0.604326
0.613926
0.606636
0.589744
0.584329
0.611604
0.602523
0.568731
0.583553
0.602835
0.575251
0.586258
0.592301
0.599135
0.590829
0.592699
0.587497
0.579910
0.587511
0.608015
0.596750
0.591868
0.584921
0.602540
0.590693
0.578956
0.578545
0.587414
0.604520
0.589020
0.585072
0.577798
0.588549
0.600465
0.598930
0.573609
0.589577
0.575979
0.599329
0.592486
0.575814
0.568088
0.578392
0.578027
0.562693
0.584951
0.582599
0.582136
0.609068
0.576213
0.569559
0.559886
0.566451
0.597071
0.597621
0.563827
0.577108
0.584584
0.578777
0.626036
0.757461
0.884720
0.961650
0.972076
0.981004
0.981858
0.983050
0.986176
0.983811
0.984506
0.984461
0.984090
0.984173
0.986036
0.984371
0.985270
0.986476
0.986500
0.987235
0.987103
0.986335
0.986841
0.986961
0.986916
0.986845
0.987114
0.986810
0.986877
0.984917
0.984497
0.983025
0.981630
0.980178
0.980853
0.977743
0.977783
0.980398
0.979832
0.981906
0.979759
0.981093
0.979186
0.980427
0.981972
0.977971
0.979169
0.980184
0.982143
0.981968
0.981407
0.983235
0.983280
0.984931
0.982466
0.984016
0.984287
0.983637
0.984259
0.983345
0.984209
0.983808
0.984360
0.985668
0.985443
0.986123
0.984784
0.985596
0.985574
0.985806
0.985817
0.986261
0.987333
0.987765
0.988876
0.990201
0.991017
0.990981
0.990903
0.990572
0.990380
0.989849
0.989799
0.988921
0.988794
0.988585
0.988333
0.977069
0.966844
0.974625
0.977080
0.975021
0.967424
0.973324
0.962782
0.939506
0.884597
0.837905
0.750946
0.727346
0.687399
0.628283
0.618076
0.610158
0.623723
0.608719
0.635529
0.604080
0.593436
0.625171
0.605116
0.601575
0.626824
0.603811
0.627893
0.617276
0.623082
0.637837
0.634504
0.643694
0.673881
0.689397
0.689892
0.694255
0.694297
0.700922
0.700619
0.700253
0.699800
0.700658
0.694855
0.694292
0.694049
0.692501
0.692747
0.693055
0.694736
0.694843
0.695008
0.695177
0.694839
0.695157
0.696908
0.688660
0.668890
0.697311
0.685222
0.621215
0.619528
0.629800
0.636165
0.634836
0.637943
0.628985
0.624537
0.613891
0.609632
0.607782
0.608010
0.608186
0.589949
0.592030
0.603129
0.595361
0.597119
0.587848
0.598276
0.583574
0.592484
0.591961
0.574749
0.588399
0.665075
0.841605
0.947163
0.973801
0.980996
0.984609
0.984272
0.985275
0.984465
0.985079
0.985590
0.984717
0.986053
0.986972
0.986448
0.987492
0.987109
0.987250
0.986787
0.987028
0.986961
0.986988
0.987206
0.987440
0.987877
0.987801
0.986486
0.984223
0.984374
0.981585
0.979588
0.982188
0.982132
0.980136
0.980860
0.980608
0.982170
0.981428
0.981975
0.980673
0.983404
0.982182
0.979586
0.980484
0.983067
0.982186
0.981495
0.983106
0.983943
0.984373
0.983471
0.984066
0.984365
0.984949
0.984544
0.985881
0.984236
0.985341
0.985257
0.985931
0.985622
0.985912
0.986174
0.985946
0.986058
0.986582
0.986720
0.986839
0.986833
0.987423
0.988398
0.989740
0.990818
0.990743
0.990446
0.990579
0.989991
0.989541
0.990143
0.987721
0.987246
0.989396
0.989203
0.988368
0.988376
0.983404
0.980923
0.983730
0.977953
0.976977
0.979392
0.968236
0.925707
0.853469
0.773891
0.700580
0.684318
0.639865
0.641438
0.626880
0.634018
0.687084
0.648546
0.646584
0.654460
0.652236
0.647182
0.651722
0.652363
0.651958
0.653757
0.654133
0.653460
0.654880
0.654493
0.655230
0.655209
0.655044
0.655633
0.655409
0.655834
0.656101
0.656291
0.655238
0.652568
0.631498
0.690962
0.707478
0.646512
0.623680
0.652866
0.686357
0.656864
0.642644
0.639339
0.620767
0.623228
0.628391
0.601547
0.596833
0.598533
0.598686
0.598370
0.586441
0.593118
0.595354
0.580112
0.570327
0.587802
0.586215
0.595756
0.596143
0.585160
0.599871
0.583025
0.563564
0.605998
0.607061
0.586123
0.579179
0.569026
0.579163
0.711936
0.857496
0.960461
0.978523
0.985122
0.985618
0.984877
0.984974
0.985046
0.985934
0.986037
0.985723
0.986457
0.986748
0.987924
0.988013
0.988165
0.988328
0.987666
0.987919
0.988213
0.987769
0.987737
0.987456
0.987786
0.987175
0.985797
0.983308
0.982247
0.980761
0.824607
0.974923
0.983391
0.981166
0.982743
0.968446
0.981274
0.980283
0.983111
0.982393
0.983417
0.982890
0.982610
0.983168
0.982166
0.982830
0.983573
0.984079
0.985264
0.985350
0.984302
0.983891
0.984310
0.985040
0.985736
0.985997
0.985419
0.985864
0.986117
0.986467
0.986311
0.986405
0.986344
0.986649
0.987173
0.986820
0.986771
0.986983
0.987314
0.988547
0.989502
0.991049
0.990769
0.990809
0.990511
0.990632
0.990553
0.990046
0.989712
0.987988
0.989566
0.989564
0.989008
0.982996
0.982891
0.978928
0.973000
0.980536
0.977992
0.968284
0.943081
0.921300
0.869943
0.836005
0.738818
0.726290
0.702276
0.658774
0.618620
0.620678
0.675662
0.638450
0.659884
0.674737
0.651284
0.658004
0.662497
0.655708
0.655524
0.654013
0.652972
0.655510
0.655009
0.656483
0.654946
0.657409
0.658789
0.655992
0.655083
0.654185
0.653895
0.654852
0.654963
0.655415
0.655165
0.655266
0.656452
0.655879
0.656168
0.696858
0.715000
0.678333
0.653354
0.682052
0.682284
0.674774
0.643456
0.634216
0.621433
0.614080
0.595196
0.601421
0.608707
0.601252
0.592763
0.591093
0.595750
0.597513
0.605906
0.594824
0.589838
0.598562
0.595100
0.606691
0.574477
0.586625
0.603569
0.608806
0.600429
0.597672
0.596617
0.723714
0.857269
0.947453
0.971068
0.981182
0.983909
0.984459
0.983407
0.983680
0.983337
0.984131
0.984884
0.985681
0.985604
0.985667
0.984406
0.984683
0.985770
0.986156
0.986609
0.987222
0.987024
0.987332
0.987211
0.987337
0.986818
0.986206
0.984876
0.984097
0.981907
0.981624
0.980246
0.979492
0.980569
0.978896
0.978510
0.982212
0.979764
0.980486
0.980075
0.983264
0.980618
0.981063
0.980151
0.980461
0.981499
0.980298
0.982268
0.981190
0.982010
0.984377
0.983971
0.983365
0.984296
0.983779
0.985240
0.984624
0.984962
0.984631
0.985333
0.985444
0.985000
0.985084
0.985095
0.985424
0.985653
0.985414
0.985926
0.986252
0.986995
0.987350
0.988852
0.990022
0.991097
0.990932
0.990365
0.990415
0.990562
0.989763
0.989405
0.989033
0.989041
0.985703
0.988295
0.988063
0.987695
0.987073
0.984786
0.978462
0.979902
0.971801
0.939148
0.918124
0.795920
0.727516
0.678803
0.674995
0.649739
0.688659
0.609571
0.642543
0.632383
0.605464
0.624612
0.663301
0.681881
0.674957
0.677528
0.680188
0.677894
0.671805
0.670415
0.669068
0.669460
0.670154
0.671277
0.669893
0.671716
0.671334
0.670621
0.670298
0.669989
0.670030
0.669767
0.670312
0.671056
0.681106
0.667111
0.684042
0.701681
0.643228
0.616147
0.662185
0.640173
0.644243
0.637667
0.651001
0.633033
0.613298
0.601430
0.597308
0.590511
0.615838
0.585207
0.606815
0.603475
0.592792
0.596466
0.583884
0.603950
0.578696
0.573168
0.606565
0.600309
0.584765
0.593937
0.587511
0.605684
0.596158
0.586523
0.606038
0.593293
0.611673
0.601678
0.592628
0.592755
0.595654
0.600620
0.600567
0.605866
0.595702
0.588762
0.595809
0.588093
0.578195
0.571722
0.582483
0.598224
0.593560
0.586020
0.575562
0.594611
0.593521
0.650422
0.827513
0.942067
0.976642
0.980359
0.985439
0.984725
0.983303
0.985349
0.985490
0.984909
0.985155
0.986144
0.986219
0.986025
0.986894
0.986857
0.986329
0.986788
0.987470
0.987383
0.987067
0.987814
0.987620
0.988207
0.986031
0.985873
0.982719
0.982739
0.979348
0.980199
0.983523
0.980914
0.982183
0.979319
0.978683
0.982260
0.978656
0.981179
0.981179
0.980529
0.981925
0.978399
0.980463
0.982109
0.981934
0.982379
0.983262
0.984202
0.984305
0.984140
0.984488
0.983931
0.985265
0.985782
0.985127
0.984905
0.985565
0.984911
0.985932
0.985621
0.986249
0.986625
0.985992
0.986818
0.986414
0.986079
0.987084
0.988701
0.990002
0.990174
0.990917
0.990352
0.990455
0.990017
0.990107
0.990246
0.989434
0.989382
0.989122
0.986647
0.987125
0.988613
0.984842
0.980065
0.966025
0.977439
0.976804
0.948584
0.887807
0.768294
0.771705
0.723429
0.706696
0.655839
0.678985
0.656663
0.627869
0.632089
0.603392
0.607820
0.621128
0.628892
0.643428
0.616563
0.628728
0.615918
0.625625
0.563319
0.576557
0.594785
0.588159
0.591711
0.594907
0.597669
0.599604
0.598783
0.601050
0.603077
0.606076
0.606919
0.608704
0.610010
0.610970
0.613759
0.615581
0.617072
0.617017
0.616378
0.616317
0.609016
0.591631
0.589413
0.667579
0.659597
0.623773
0.608206
0.617471
0.653358
0.649671
0.649113
0.632679
0.624598
0.628623
0.617886
0.613099
0.590059
0.610766
0.594627
0.598888
0.600823
0.609953
0.576169
0.576990
0.575695
0.571743
0.585267
0.574756
0.578613
0.584858
0.588757
0.600041
0.610050
0.615347
0.581035
0.592495
0.617365
0.596025
0.582163
0.583743
0.592046
0.580899
0.576692
0.575681
0.597617
0.595964
0.578420
0.577301
0.594610
0.602233
0.581084
0.573898
0.582395
0.595378
0.594695
0.597637
0.709018
0.862563
0.939537
0.974580
0.983066
0.984894
0.985244
0.986247
0.986264
0.985773
0.987043
0.987235
0.987051
0.987369
0.987077
0.987288
0.987100
0.987334
0.987685
0.987315
0.987422
0.987359
0.987979
0.988195
0.988813
0.986781
0.984579
0.984399
0.982644
0.983418
0.983498
0.981012
0.981496
0.982087
0.982360
0.981788
0.982512
0.982556
0.983074
0.981400
0.982161
0.981934
0.981516
0.982273
0.983209
0.978303
0.982135
0.983375
0.983696
0.985003
0.984977
0.984436
0.985459
0.986112
0.986671
0.986246
0.986128
0.986318
0.986953
0.986783
0.987070
0.986854
0.986936
0.986944
0.987383
0.987243
0.987418
0.987549
0.987442
0.988811
0.990192
0.990871
0.990898
0.990454
0.990249
0.990239
0.990367
0.990441
0.989053
0.988310
0.989891
0.989545
0.988698
0.983582
0.985567
0.975403
0.980012
0.980184
0.975858
0.979969
0.973832
0.932740
0.825135
0.827633
0.742897
0.693640
0.662178
0.709156
0.639735
0.599081
0.597825
0.600233
0.612345
0.602401
0.589320
0.603592
0.621811
0.665867
0.647749
0.643504
0.639438
0.638988
0.627852
0.644240
0.651678
0.652172
0.652089
0.655612
0.657291
0.658732
0.659206
0.659372
0.661890
0.661644
0.662812
0.661101
0.660091
0.660023
0.660934
0.660721
0.661512
0.662529
0.648203
0.645597
0.666411
0.725805
0.675374
0.630456
0.690362
0.678244
0.661437
0.636038
0.634279
0.644212
0.621748
0.593105
0.618045
0.610675
0.601470
0.601978
0.604443
0.603980
0.610241
0.589997
0.584922
0.576726
0.591334
0.587259
0.599072
0.710847
0.863606
0.955462
0.980024
0.985051
0.985081
0.984289
0.985486
0.984417
0.985568
0.985788
0.986968
0.986261
0.985948
0.986189
0.986201
0.986967
0.986927
0.986913
0.987410
0.987362
0.988182
0.988016
0.987562
0.988010
0.986267
0.984696
0.984964
0.982022
0.980349
0.980086
0.981577
0.978807
0.982429
0.982773
0.983365
0.983520
0.979921
0.982757
0.981217
0.983043
0.980396
0.981276
0.983879
0.983280
0.981571
0.984083
0.984771
0.983657
0.984202
0.984268
0.984539
0.984770
0.984567
0.985555
0.985238
0.985594
0.985904
0.985575
0.985571
0.986325
0.986406
0.985987
0.986245
0.986973
0.986758
0.986581
0.986740
0.987257
0.987854
0.989187
0.990626
0.991009
0.990823
0.990542
0.990332
0.990092
0.990060
0.989779
0.989443
0.988966
0.988854
0.989009
0.988540
0.986278
0.985160
0.982616
0.984314
0.976767
0.966817
0.882515
0.849307
0.786167
0.728538
0.757337
0.667465
0.706891
0.700939
0.682100
0.664935
0.672456
0.685243
0.680672
0.682027
0.684996
0.685395
0.683512
0.686719
0.689113
0.689544
0.689483
0.690314
0.692770
0.693226
0.693447
0.693192
0.692504
0.692387
0.692436
0.692685
0.693121
0.692965
0.688995
0.678231
0.694473
0.711797
0.750183
0.709875
0.690403
0.697420
0.684310
0.666630
0.665696
0.620347
0.631811
0.632805
0.627676
0.606703
0.592279
0.596438
0.599256
0.590718
0.575144
0.592579
0.585496
0.603317
0.582688
0.570332
0.581371
0.595019
0.581877
0.582249
0.571318
0.675484
0.848148
0.944083
0.974971
0.975319
0.983893
0.983858
0.983697
0.983996
0.983906
0.985247
0.985780
0.985963
0.985868
0.986296
0.987160
0.986718
0.987251
0.987348
0.987476
0.987604
0.987760
0.987869
0.987807
0.987096
0.987074
0.986076
0.985695
0.983989
0.982402
0.980964
0.979581
0.980827
0.983105
0.979706
0.980479
0.982129
0.981767
0.981928
0.981225
0.982558
0.980729
0.983413
0.983377
0.982278
0.983254
0.983534
0.983429
0.982851
0.983541
0.983069
0.984586
0.984123
0.984369
0.984995
0.984868
0.984576
0.984378
0.985458
0.986123
0.985375
0.985513
0.985645
0.985350
0.985812
0.985776
0.986007
0.986014
0.986443
0.986806
0.986828
0.988618
0.989307
0.990935
0.990847
0.990732
0.990597
0.990315
0.989999
0.989862
0.989556
0.989268
0.988853
0.988331
0.987848
0.987501
0.986061
0.977542
0.973610
0.978826
0.953236
0.929700
0.859330
0.732530
0.743498
0.740432
0.711586
0.671373
0.667075
0.667990
0.682920
0.689192
0.665604
0.686079
0.693684
0.680502
0.689145
0.685337
0.688456
0.691235
0.689110
0.691379
0.689391
0.690132
0.691221
0.691029
0.690650
0.690521
0.690156
0.690044
0.689560
0.690646
0.690799
0.690820
0.691665
0.689096
0.683485
0.673091
0.722872
0.745156
0.677179
0.689258
0.724578
0.689390
0.659659
0.630122
0.625735
0.636721
0.616265
0.614107
0.619435
0.613687
0.601817
0.614870
0.600590
0.589028
0.583528
0.613074
0.615406
0.590709
0.587142
0.592539
0.575927
0.587069
0.586575
0.593366
0.601886
0.581262
0.599711
0.581900
0.584537
0.579886
0.567956
0.579411
0.585888
0.593033
0.588053
0.583804
0.589318
0.597038
0.556555
0.581918
0.595816
0.577850
0.598629
0.588651
0.578515
0.599034
0.604713
0.618663
0.761650
0.903140
0.963362
0.980694
0.985118
0.985200
0.985908
0.984597
0.985600
0.984766
0.984174
0.984106
0.985604
0.986079
0.985944
0.986978
0.987787
0.987416
0.987691
0.988069
0.988435
0.988264
0.988211
0.987959
0.986341
0.985947
0.985950
0.983318
0.981546
0.982099
0.981416
0.981122
0.982584
0.979277
0.980479
0.981439
0.982565
0.981327
0.982323
0.981429
0.981876
0.982446
0.981116
0.983745
0.982636
0.984930
0.983895
0.984006
0.983648
0.984928
0.985187
0.983648
0.985257
0.985406
0.984433
0.984712
0.985783
0.984998
0.986220
0.986156
0.985671
0.986298
0.986183
0.986294
0.985844
0.986531
0.986512
0.986522
0.988019
0.989714
0.990854
0.990953
0.990495
0.989608
0.990673
0.990473
0.990073
0.989959
0.989687
0.989723
0.989243
0.988948
0.989030
0.986020
0.979460
0.969244
0.972500
0.979271
0.977401
0.947086
0.919005
0.851807
0.785150
0.705162
0.692595
0.650733
0.657324
0.599588
0.629360
0.578511
0.625006
0.601471
0.623395
0.632477
0.606573
0.631962
0.647291
0.668027
0.686189
0.697589
0.689302
0.689661
0.693445
0.693519
0.693914
0.694508
0.686933
0.687244
0.688110
0.688468
0.688428
0.690414
0.690086
0.689873
0.691662
0.692616
0.692751
0.693179
0.693641
0.693241
0.694715
0.698250
0.695466
0.744516
0.688667
0.613788
0.632084
0.675056
0.671494
0.636429
0.632468
0.606264
0.617200
0.610329
0.613562
0.606896
0.618475
0.610162
0.602808
0.587416
0.583786
0.603936
0.591735
0.590582
0.579474
0.597773
0.585125
0.611284
0.593126
0.588799
0.603224
0.606088
0.583873
0.573099
0.586148
0.583018
0.596931
0.577573
0.582491
0.585781
0.584101
0.588904
0.589307
0.579505
0.584731
0.594895
0.596137
0.595621
0.577079
0.574977
0.573955
0.598351
0.610396
0.598335
0.582903
0.587380
0.587751
0.593323
0.595304
0.588136
0.592678
0.626577
0.748164
0.912822
0.955115
0.976071
0.981762
0.985199
0.984146
0.985352
0.984684
0.985535
0.985634
0.985939
0.986253
0.986790
0.986641
0.987295
0.986633
0.987072
0.986661
0.986893
0.986743
0.987342
0.988014
0.988008
0.987595
0.986198
0.985597
0.984420
0.983687
0.980471
0.981833
0.983517
0.981899
0.980798
0.981803
0.979911
0.981947
0.980098
0.980436
0.980941
0.981424
0.980119
0.981808
0.982241
0.979301
0.981511
0.982842
0.983457
0.982498
0.984664
0.982584
0.983576
0.983760
0.984734
0.983043
0.983694
0.985156
0.983445
0.985152
0.984719
0.985791
0.984416
0.985595
0.985528
0.985221
0.986223
0.985466
0.985976
0.985875
0.985621
0.986997
0.987369
0.988176
0.989495
0.991101
0.990820
0.990858
0.990301
0.990262
0.990127
0.989634
0.989119
0.988956
0.988509
0.988721
0.987461
0.981045
0.968640
0.978810
0.976975
0.974869
0.975231
0.937543
0.871094
0.791375
0.764899
0.751960
0.708856
0.656290
0.652541
0.647737
0.623045
0.604424
0.598377
0.609603
0.617044
0.616244
0.592690
0.616971
0.606928
0.620819
0.609958
0.626761
0.649145
0.647993
0.632060
0.627657
0.629623
0.632248
0.634340
0.630942
0.627324
0.627086
0.626551
0.626985
0.629208
0.630706
0.631254
0.632149
0.632061
0.632815
0.633786
0.634478
0.635374
0.635087
0.635071
0.637623
0.665422
0.714691
0.681679
0.614840
0.620170
0.660720
0.651538
0.644580
0.632822
0.617249
0.614168
0.621115
0.603173
0.622190
0.593118
0.611688
0.601989
0.594181
0.586044
0.597480
0.594251
0.601287
0.587299
0.584066
0.595977
0.583885
0.582620
0.602794
0.607755
0.585801
0.587245
0.582282
0.582684
0.591071
0.577116
0.579742
0.589131
0.569282
0.578852
0.581144
0.579644
0.594053
0.610071
0.584428
0.578333
0.592611
0.578273
0.571583
0.592234
0.579051
0.579447
0.584370
0.578419
0.595114
0.603612
0.592530
0.583673
0.576767
0.585479
0.587194
0.610116
0.782436
0.908788
0.969588
0.983181
0.985911
0.986361
0.986393
0.985209
0.986324
0.986872
0.986963
0.986400
0.987016
0.986616
0.986721
0.987143
0.987267
0.986853
0.987704
0.987843
0.987748
0.987990
0.988289
0.987881
0.988145
0.987068
0.985136
0.985260
0.983717
0.982036
0.983259
0.982620
0.982131
0.982289
0.980649
0.980858
0.982886
0.982951
0.980435
0.981017
0.980105
0.982269
0.984116
0.982633
0.983454
0.982966
0.982113
0.982606
0.984000
0.983886
0.984802
0.985362
0.984530
0.985103
0.984502
0.985465
0.985049
0.985833
0.985809
0.985609
0.985980
0.985915
0.985886
0.985923
0.985911
0.986377
0.986558
0.986254
0.986175
0.986898
0.987908
0.989440
0.990779
0.990979
0.990749
0.990809
0.990569
0.990603
0.990359
0.990140
0.989894
0.989857
0.989188
0.989241
0.987422
0.984903
0.982496
0.974028
0.978584
0.980080
0.984817
0.969459
0.936655
0.882826
0.806252
0.736581
0.711056
0.659351
0.649485
0.650759
0.615769
0.613889
0.611098
0.618125
0.630713
0.599209
0.600631
0.606996
0.623534
0.615003
0.617552
0.627729
0.656961
0.664261
0.642127
0.638395
0.631576
0.633861
0.639037
0.634677
0.635820
0.636329
0.634851
0.636985
0.637139
0.639284
0.641475
0.643677
0.645720
0.644567
0.645210
0.644061
0.644668
0.647351
0.644187
0.636401
0.646585
0.672818
0.721376
0.698040
0.658426
0.624165
0.626923
0.629238
0.639777
0.632377
0.634054
0.646151
0.626077
0.618933
0.613810
0.589008
0.589463
0.620188
0.745965
0.910462
0.957843
0.977913
0.983521
0.985272
0.984704
0.985182
0.985950
0.986560
0.985431
0.985760
0.986489
0.985699
0.986986
0.986813
0.986837
0.987328
0.987334
0.987582
0.987181
0.987857
0.987668
0.987063
0.987337
0.986512
0.985862
0.985500
0.983576
0.982130
0.982261
0.982160
0.982442
0.982815
0.983982
0.982350
0.982342
0.981373
0.982958
0.983720
0.982890
0.983450
0.982081
0.983355
0.982670
0.983606
0.983376
0.984421
0.984743
0.985404
0.984232
0.984301
0.984875
0.984849
0.984732
0.984775
0.984975
0.985652
0.985340
0.985794
0.985354
0.985754
0.985950
0.985722
0.986064
0.986139
0.986293
0.985825
0.986552
0.986839
0.987615
0.989256
0.990486
0.990464
0.990714
0.990528
0.990292
0.990451
0.990159
0.989870
0.989850
0.989516
0.989443
0.989133
0.988588
0.982823
0.983872
0.978138
0.976596
0.968519
0.979233
0.977911
0.975995
0.876775
0.768910
0.769315
0.733380
0.768832
0.700262
0.691347
0.696206
0.699207
0.700003
0.704316
0.703563
0.702243
0.701997
0.701832
0.702378
0.703857
0.703923
0.705550
0.705734
0.706811
0.707201
0.706747
0.706035
0.706073
0.705423
0.705984
0.706337
0.706290
0.704063
0.698995
0.697611
0.731323
0.749708
0.735550
0.719111
0.715811
0.694063
0.690925
0.659756
0.648749
0.615775
0.607164
0.616141
0.615031
0.626765
0.595468
0.595621
0.584712
0.590098
0.592227
0.599227
0.595107
0.610963
0.612582
0.617090
0.606950
0.591202
0.606928
0.598395
0.598872
0.574100
0.604316
0.584012
0.584586
0.595657
0.599052
0.591443
0.584612
0.604566
0.591255
0.601486
0.582414
0.711927
0.878617
0.962930
0.978383
0.985031
0.986098
0.985467
0.985987
0.986432
0.986079
0.986888
0.986877
0.987306
0.987082
0.987440
0.988190
0.987469
0.987717
0.987687
0.987627
0.987077
0.987764
0.987266
0.987904
0.988091
0.986639
0.985890
0.984833
0.982385
0.983222
0.981863
0.982858
0.983424
0.981860
0.981864
0.983123
0.982370
0.982688
0.982811
0.984004
0.982622
0.981187
0.982594
0.983957
0.982900
0.984665
0.983853
0.983049
0.984512
0.984596
0.983938
0.984448
0.985096
0.984770
0.984691
0.985366
0.985842
0.986171
0.986205
0.985968
0.986502
0.986413
0.985997
0.986471
0.986539
0.986572
0.986184
0.986056
0.986668
0.987316
0.989115
0.990078
0.990799
0.990804
0.990650
0.990646
0.990491
0.990589
0.990113
0.990054
0.989771
0.989581
0.989523
0.987804
0.987819
0.979885
0.981820
0.978653
0.976018
0.987121
0.974920
0.953088
0.949753
0.901980
0.816645
0.764073
0.714537
0.689475
0.668155
0.649101
0.646156
0.643001
0.637893
0.648171
0.661217
0.690108
0.677267
0.672667
0.683771
0.681331
0.677046
0.678809
0.676601
0.677179
0.678232
0.676973
0.665816
0.826531
0.789183
0.776382
0.648151
0.650140
0.568561
0.666029
0.648860
0.650031
0.579724
0.541122
0.506216
0.526580
0.479552
0.510052
0.489894
0.490309
0.447178
0.449254
0.506309
0.492654
0.487644
0.484193
0.469538
0.478235
0.442375
0.446082
0.441294
0.407087
0.380613
0.379603
0.369046
0.362923
0.369050
0.354026
0.365244
0.381274
0.398436
0.443699
0.457686
0.456510
0.445609
0.439815
0.430929
0.408899
0.401099
0.390470
0.435046
0.515818
0.619810
0.756355
0.848548
0.906594
0.935546
0.943787
0.951540
0.956776
0.959326
0.964955
0.967908
0.966106
0.966269
0.964514
0.965316
0.967876
0.965443
0.966116
0.966265
0.968974
0.970043
0.971184
0.969624
0.976042
0.975950
0.946681
0.976408
0.981229
0.982077
0.955820
0.817257
0.964141
0.894587
0.875811
0.882836
0.955404
0.978248
0.980100
0.980390
0.980259
0.980497
0.980272
0.979656
0.979653
0.980003
0.978928
0.978891
0.972174
0.965718
0.952868
0.954965
0.955545
0.962455
0.958038
0.965776
0.964213
0.963713
0.966409
0.964022
0.967619
0.967013
0.966643
0.968153
0.963263
0.969270
0.970166
0.971363
0.971179
0.969823
0.973569
0.974292
0.972688
0.975919
0.975104
0.976526
0.975902
0.976651
0.975849
0.965177
0.961739
0.961988
0.961850
0.961306
0.962021
0.961903
0.962222
0.962942
0.963728
0.963689
0.962159
0.962399
0.975398
0.975615
0.973830
0.974790
0.975539
0.975989
0.978668
0.977698
0.967281
0.977217
0.976338
0.969468
0.945012
0.938745
0.453421
0.456953
0.458998
0.459828
0.440712
0.451875
0.469508
0.513767
0.505927
0.513658
0.517282
0.500036
0.512161
0.552709
0.574280
0.550739
0.575087
0.611112
0.604693
0.579506
0.573884
0.613326
0.623009
0.601924
0.592532
0.555136
0.591808
0.566889
0.566608
0.603303
0.597615
0.594572
0.511520
0.523067
0.497503
0.503852
0.478598
0.477788
0.463693
0.467308
0.470923
0.473966
0.477885
0.476564
0.478364
0.474099
0.472200
0.472365
0.475087
0.479656
0.486139
0.479713
0.481533
0.531203
0.617928
0.709297
0.787935
0.844502
0.889898
0.920700
0.930003
0.926512
0.924461
0.936836
0.943215
0.949185
0.944779
0.947747
0.949584
0.949472
0.947574
0.945460
0.939113
0.949757
0.953143
0.953243
0.954787
0.954376
0.955128
0.955949
0.955616
0.955091
0.955486
0.955933
0.955894
0.954195
0.956727
0.956487
0.956047
0.958080
0.963607
0.969922
0.969478
0.969540
0.970090
0.970601
0.970641
0.971011
0.971893
0.971538
0.970917
0.970190
0.970873
0.972034
0.971793
0.978490
0.977819
0.977456
0.977837
0.977626
0.979087
0.979413
0.979288
0.979055
0.979191
0.979534
0.979225
0.979350
0.979495
0.979639
0.979627
0.979360
0.979515
0.979534
0.979421
0.979278
0.979640
0.978715
0.977771
0.955851
0.950799
0.963553
0.960333
0.966459
0.965256
0.968166
0.969468
0.968894
0.965557
0.969870
0.969965
0.971421
0.966272
0.967285
0.968483
0.968789
0.971806
0.972377
0.972482
0.975113
0.976010
0.975872
0.976866
0.977069
0.978692
0.978237
0.978420
0.979426
0.979519
0.979861
0.979623
0.980080
0.980073
0.980194
0.980367
0.980568
0.980758
0.981032
0.981022
0.980518
0.981095
0.981470
0.981868
0.982073
0.982420
0.982584
0.982531
0.982217
0.982564
0.982481
0.981912
0.982097
0.982000
0.982404
0.981933
0.981995
0.981860
0.982198
0.981731
0.981335
0.981240
0.981150
0.981104
0.981129
0.977409
0.979550
0.976939
0.979872
0.980602
0.979431
0.979698
0.978803
0.963660
0.976000
0.966749
0.922355
0.892976
0.669951
0.679743
0.466929
0.357024
0.363225
0.382458
0.379441
0.385067
0.380449
0.379169
0.412414
0.390938
0.416375
0.386282
0.385013
0.406835
0.445207
0.424778
0.440153
0.426259
0.435836
0.443881
0.473315
0.455439
0.438805
0.447906
0.456284
0.452732
0.448722
0.466363
0.457237
0.441709
0.421761
0.450272
0.499431
0.491043
0.610906
0.829739
0.888540
0.921460
0.944772
0.961383
0.961599
0.963602
0.964895
0.967695
0.969362
0.969646
0.968863
0.971487
0.972924
0.972958
0.972573
0.972440
0.973404
0.970219
0.973000
0.970355
0.972134
0.972943
0.977277
0.971025
0.970620
0.974062
0.971894
0.974497
0.976320
0.977676
0.977339
0.977557
0.977704
0.977720
0.978200
0.978511
0.978213
0.977772
0.978189
0.978216
0.977622
0.978330
0.977345
0.978249
0.979297
0.977556
0.970362
0.954531
0.950069
0.958841
0.955446
0.948803
0.961196
0.960877
0.957704
0.959759
0.959720
0.958296
0.955214
0.961258
0.959405
0.962138
0.961463
0.960788
0.967223
0.967871
0.968403
0.968879
0.968893
0.970645
0.973683
0.974931
0.975770
0.976383
0.977653
0.978035
0.978429
0.978829
0.978961
0.979564
0.979863
0.980371
0.980494
0.980844
0.981130
0.981325
0.981205
0.981476
0.981445
0.982933
0.983599
0.983366
0.983583
0.982989
0.983271
0.982512
0.983631
0.983019
0.982485
0.982738
0.981835
0.981974
0.981778
0.980140
0.981304
0.980868
0.980406
0.977912
0.977567
0.978868
0.979028
0.978867
0.978396
0.975678
0.978562
0.949583
0.813575
0.559442
0.407558
0.385948
0.391375
0.409496
0.411634
0.416408
0.418087
0.418002
0.421253
0.415044
0.414077
0.412190
0.409818
0.413380
0.416949
0.418195
0.419693
0.420724
0.423974
0.424676
0.426877
0.428459
0.427436
0.428385
0.428855
0.429830
0.425404
0.420469
0.413221
0.434283
0.513487
0.623263
0.697010
0.817447
0.879948
0.916640
0.933870
0.952292
0.956510
0.956755
0.961401
0.960288
0.960647
0.963571
0.955932
0.963161
0.964999
0.966149
0.967904
0.966406
0.970435
0.970892
0.965703
0.970658
0.969997
0.969607
0.972935
0.968790
0.972387
0.971697
0.971906
0.973623
0.973770
0.971829
0.973139
0.972551
0.975390
0.972388
0.973269
0.974618
0.974748
0.974490
0.976118
0.975696
0.976541
0.977242
0.977515
0.978718
0.978267
0.978581
0.978658
0.979084
0.979358
0.979694
0.979920
0.979648
0.978825
0.978625
0.977212
0.974008
0.967279
0.959808
0.952447
0.961336
0.959398
0.958340
0.957961
0.961193
0.954694
0.958990
0.964138
0.957045
0.961883
0.959231
0.959432
0.960986
0.961999
0.964621
0.964339
0.965508
0.968307
0.966370
0.969369
0.970428
0.970795
0.973068
0.973360
0.974996
0.976720
0.976867
0.976684
0.977452
0.977530
0.977511
0.978277
0.979145
0.979707
0.979962
0.980438
0.980513
0.980480
0.980477
0.981476
0.982811
0.983798
0.983751
0.983537
0.983294
0.982745
0.983075
0.983102
0.982750
0.982828
0.982235
0.982049
0.981377
0.981149
0.980869
0.981425
0.981169
0.980467
0.980423
0.980430
0.980381
0.980031
0.979349
0.979299
0.979399
0.978874
0.978462
0.978132
0.978169
0.936178
0.843366
0.613388
0.604059
0.511777
0.515193
0.523701
0.515720
0.518325
0.525194
0.526584
0.526340
0.528193
0.528277
0.530131
0.530992
0.531539
0.532297
0.532865
0.533200
0.532738
0.532785
0.532959
0.532653
0.532816
0.533295
0.533463
0.535407
0.532863
0.521646
0.543755
0.603935
0.632390
0.665374
0.664593
0.660640
0.601792
0.589518
0.589028
0.587054
0.580656
0.575919
0.572774
0.567337
0.575562
0.567910
0.551745
0.566347
0.550556
0.714835
0.855541
0.935067
0.963614
0.967710
0.969671
0.970610
0.971145
0.972006
0.969969
0.967542
0.967332
0.967608
0.969825
0.971136
0.967756
0.967793
0.970693
0.971906
0.971761
0.970463
0.972762
0.973349
0.971994
0.973629
0.970280
0.972389
0.974377
0.973127
0.971396
0.974937
0.973901
0.974858
0.976611
0.975002
0.976519
0.977888
0.977679
0.978594
0.978105
0.977865
0.977663
0.978320
0.977672
0.978418
0.978636
0.977979
0.978505
0.978878
0.978222
0.976750
0.974165
0.969505
0.966425
0.961580
0.960313
0.959196
0.958560
0.962618
0.959120
0.957928
0.958133
0.961134
0.961662
0.960395
0.955896
0.960800
0.958191
0.959356
0.963335
0.961974
0.962659
0.935331
0.961065
0.967273
0.970918
0.970953
0.972168
0.974534
0.976127
0.975667
0.976472
0.977560
0.978088
0.978539
0.978995
0.979675
0.979853
0.979532
0.979706
0.980875
0.981268
0.981300
0.982505
0.983295
0.984086
0.984346
0.984269
0.983722
0.982323
0.976766
0.981779
0.982638
0.978083
0.980248
0.977100
0.971333
0.981359
0.980378
0.979654
0.980827
0.980698
0.980308
0.979395
0.976784
0.977963
0.976577
0.972084
0.970199
0.950739
0.956502
0.938625
0.920593
0.873993
0.771309
0.734861
0.762230
0.784599
0.536023
0.468596
0.458655
0.457655
0.453896
0.458472
0.468525
0.469087
0.473563
0.478491
0.482931
0.482547
0.486044
0.488092
0.490385
0.493211
0.492645
0.492063
0.492386
0.492435
0.492573
0.492337
0.492367
0.492225
0.492395
0.490148
0.473430
0.454727
0.472471
0.474213
0.520789
0.527696
0.581787
0.599265
0.590819
0.593204
0.606087
0.599790
0.584333
0.577798
0.585266
0.561847
0.573498
0.568129
0.566323
0.553461
0.588412
0.572239
0.549220
0.559399
0.557032
0.571067
0.560725
0.556132
0.562981
0.681813
0.826120
0.930684
0.964321
0.965607
0.970730
0.972881
0.970948
0.969841
0.967653
0.969978
0.969902
0.969912
0.968656
0.971839
0.971808
0.972477
0.971825
0.972904
0.971719
0.973646
0.971406
0.974425
0.972187
0.973525
0.974355
0.975226
0.973274
0.976421
0.976180
0.976031
0.977771
0.977175
0.977160
0.977436
0.977904
0.977817
0.978035
0.979118
0.978802
0.978854
0.979138
0.978422
0.978895
0.977339
0.977365
0.972884
0.965170
0.965574
0.964208
0.962431
0.964054
0.961433
0.959832
0.960915
0.963570
0.962243
0.964230
0.962145
0.961406
0.959812
0.960803
0.962333
0.964570
0.966387
0.967443
0.968232
0.970487
0.969765
0.972197
0.972822
0.973761
0.974065
0.975903
0.976430
0.976726
0.977795
0.978854
0.979689
0.980008
0.979949
0.980151
0.980171
0.980952
0.981186
0.981038
0.981264
0.981454
0.982274
0.983287
0.984914
0.985007
0.984612
0.985117
0.984342
0.984023
0.984610
0.983693
0.983360
0.982366
0.982840
0.982520
0.982598
0.982677
0.981886
0.981164
0.979220
0.980730
0.980962
0.979455
0.979302
0.972672
0.968649
0.957993
0.962686
0.928122
0.872854
0.821293
0.723892
0.653326
0.664719
0.643931
0.643577
0.665748
0.553490
0.456038
0.471649
0.493851
0.484509
0.478257
0.485026
0.498918
0.498891
0.491573
0.493541
0.495395
0.498312
0.503001
0.501842
0.499750
0.500314
0.496554
0.496244
0.496819
0.495767
0.496603
0.497526
0.497505
0.497435
0.488369
0.490377
0.487648
0.508667
0.557161
0.586292
0.546680
0.576404
0.604260
0.598045
0.593664
0.590847
0.577263
0.583035
0.584126
0.589642
0.577226
0.583688
0.560492
0.575825
0.569142
0.578102
0.694891
0.841692
0.913887
0.956430
0.963983
0.967681
0.968528
0.967577
0.965732
0.969144
0.969037
0.966483
0.971611
0.969134
0.970864
0.971427
0.971929
0.971626
0.972858
0.971744
0.971106
0.972867
0.974105
0.972317
0.972493
0.972349
0.972789
0.973943
0.976737
0.976912
0.975697
0.976286
0.976668
0.977106
0.976783
0.977669
0.978249
0.978511
0.978315
0.979154
0.978780
0.979451
0.978011
0.977726
0.977438
0.976830
0.973999
0.969099
0.965422
0.956912
0.963185
0.962572
0.961054
0.965719
0.959164
0.960531
0.959970
0.959955
0.955714
0.958754
0.960707
0.958932
0.959730
0.965027
0.963314
0.962841
0.967767
0.967558
0.969076
0.970355
0.972148
0.971950
0.973021
0.974290
0.975354
0.975889
0.976590
0.977476
0.978031
0.978722
0.979331
0.979391
0.979890
0.979996
0.979874
0.980423
0.980158
0.980961
0.981980
0.982598
0.984193
0.984622
0.984398
0.984195
0.984353
0.983475
0.984242
0.983227
0.983364
0.982515
0.982400
0.982340
0.982191
0.981766
0.981717
0.981504
0.980562
0.979423
0.980744
0.974835
0.979235
0.978310
0.965505
0.956779
0.960169
0.943944
0.934631
0.862572
0.796579
0.722980
0.698755
0.730660
0.566312
0.521299
0.558577
0.543703
0.528143
0.529267
0.530111
0.526926
0.522917
0.521774
0.520127
0.521382
0.522569
0.522773
0.526283
0.525089
0.524523
0.526294
0.525843
0.525595
0.526445
0.526968
0.525862
0.525716
0.525456
0.520140
0.543811
0.555707
0.582377
0.578309
0.576783
0.570789
0.623525
0.616165
0.598264
0.613433
0.608891
0.613784
0.610154
0.593048
0.576115
0.568265
0.566244
0.572931
0.645862
0.805564
0.916215
0.943054
0.955363
0.960770
0.969978
0.969487
0.970128
0.970457
0.969855
0.969576
0.968129
0.969935
0.966410
0.965070
0.964939
0.965907
0.967459
0.966842
0.966667
0.967162
0.970779
0.968867
0.967704
0.969131
0.969033
0.969960
0.970429
0.968492
0.971124
0.969256
0.971797
0.968988
0.967881
0.969487
0.969359
0.971728
0.970326
0.969494
0.970803
0.970682
0.971338
0.971629
0.971768
0.971983
0.969764
0.970305
0.971937
0.972032
0.973095
0.972572
0.971594
0.970720
0.972645
0.972406
0.972080
0.972234
0.971285
0.972128
0.973385
0.974303
0.971134
0.973585
0.973131
0.972972
0.974321
0.974589
0.975197
0.976020
0.977007
0.977473
0.978226
0.978264
0.978568
0.978498
0.977932
0.978161
0.978848
0.979973
0.980059
0.980135
0.979087
0.978153
0.977664
0.976000
0.974950
0.973904
0.973397
0.970822
0.967736
0.962104
0.962089
0.962248
0.963949
0.959295
0.961357
0.960636
0.964815
0.959943
0.961230
0.957541
0.957625
0.964111
0.961371
0.963380
0.965144
0.964288
0.965765
0.967512
0.968499
0.968609
0.968356
0.968412
0.969717
0.970906
0.970141
0.972454
0.973403
0.971874
0.972533
0.974212
0.973761
0.975971
0.975494
0.974932
0.976763
0.977438
0.980750
0.981984
0.982498
0.984711
0.985532
0.985302
0.985021
0.984487
0.983788
0.983118
0.982893
0.982480
0.981535
0.979410
0.979394
0.978957
0.978540
0.978729
0.979043
0.978403
0.979055
0.978863
0.977741
0.977710
0.975786
0.977226
0.975825
0.975268
0.971626
0.975757
0.972989
0.968776
0.954615
0.964434
0.965064
0.957457
0.953286
0.952449
0.903698
0.907691
0.867060
0.812267
0.789610
0.798714
0.784252
0.685714
0.708925
0.697010
0.702027
0.700688
0.705610
0.702760
0.705463
0.705638
0.705244
0.703875
0.703000
0.702657
0.700333
0.701198
0.701654
0.701532
0.702199
0.702519
0.702207
0.701444
0.701833
0.702724
0.706576
0.709596
0.698148
0.712782
0.727484
0.766013
0.764697
0.760538
0.719181
0.667112
0.650334
0.649426
0.617175
0.606341
0.589178
0.590259
0.583794
0.580878
0.561122
0.565488
0.581933
0.560266
0.598158
0.759270
0.909531
0.947140
0.963271
0.967164
0.968858
0.969203
0.969187
0.968610
0.966957
0.969023
0.970238
0.967574
0.970635
0.967739
0.969316
0.968681
0.970425
0.968177
0.971082
0.971910
0.972715
0.970321
0.970992
0.971461
0.970322
0.969764
0.972120
0.972067
0.971213
0.972217
0.971575
0.972185
0.971928
0.973727
0.972586
0.972043
0.972451
0.973554
0.973535
0.974179
0.974819
0.973539
0.974330
0.974196
0.975960
0.975204
0.976076
0.976682
0.976342
0.977509
0.977552
0.978330
0.978592
0.979604
0.979894
0.979499
0.980071
0.979377
0.979109
0.978714
0.978297
0.977929
0.977894
0.975796
0.971907
0.970285
0.967834
0.966504
0.961948
0.963317
0.961948
0.963639
0.961969
0.962617
0.962124
0.959393
0.961192
0.961481
0.958362
0.961415
0.960684
0.963278
0.963947
0.965076
0.966265
0.964937
0.967407
0.969306
0.971950
0.971519
0.970754
0.973977
0.973553
0.974157
0.975736
0.976282
0.976861
0.977181
0.976927
0.977578
0.978483
0.978952
0.979088
0.979238
0.981272
0.982003
0.983137
0.985293
0.984985
0.984903
0.985100
0.984592
0.983572
0.983768
0.982839
0.982202
0.982127
0.981443
0.981413
0.981205
0.981011
0.981378
0.981141
0.981002
0.980771
0.980828
0.980260
0.980310
0.980680
0.979302
0.979810
0.975146
0.974438
0.966180
0.941139
0.960826
0.956607
0.940617
0.893761
0.871084
0.821966
0.734987
0.734460
0.758282
0.811981
0.744177
0.710652
0.713827
0.712502
0.715092
0.714131
0.716116
0.721458
0.723292
0.721989
0.722336
0.722384
0.722249
0.720525
0.720699
0.720184
0.719561
0.719921
0.720471
0.720725
0.720398
0.720559
0.720091
0.720148
0.725627
0.723601
0.729834
0.770364
0.805936
0.792313
0.776265
0.708833
0.667224
0.661674
0.633340
0.615358
0.611861
0.611495
0.596366
0.610730
0.589740
0.593968
0.576371
0.566810
0.580970
0.581788
0.567775
0.661965
0.649863
0.669296
0.754592
0.894693
0.947823
0.965323
0.970699
0.972757
0.972727
0.971774
0.970180
0.970915
0.972876
0.972476
0.972626
0.971989
0.970654
0.971904
0.974412
0.973983
0.974152
0.975461
0.974137
0.974120
0.975187
0.976307
0.975385
0.977077
0.977933
0.977764
0.977409
0.977977
0.977010
0.977757
0.978780
0.978710
0.978546
0.979073
0.977857
0.979413
0.978263
0.977635
0.969828
0.965387
0.963084
0.962972
0.963141
0.963405
0.964679
0.964001
0.965023
0.964275
0.963168
0.963591
0.962855
0.965922
0.964859
0.960442
0.969011
0.967914
0.968237
0.971452
0.972006
0.973580
0.974169
0.975613
0.977020
0.976975
0.978026
0.978962
0.979536
0.979660
0.980902
0.981218
0.981243
0.981403
0.981458
0.980729
0.981349
0.981148
0.981906
0.981552
0.982041
0.981830
0.982035
0.982611
0.984846
0.984511
0.984376
0.984314
0.984111
0.983650
0.983650
0.983868
0.983364
0.983055
0.983236
0.983194
0.982674
0.982472
0.982527
0.982108
0.982145
0.980520
0.981063
0.978314
0.973075
0.964839
0.947208
0.926977
0.920102
0.853585
0.794142
0.776539
0.712015
0.723209
0.718978
0.707797
0.646471
0.633978
0.670033
0.675320
0.664583
0.665172
0.669337
0.673642
0.677084
0.677792
0.679236
0.679483
0.681502
0.682577
0.684206
0.685951
0.685374
0.685676
0.686647
0.685913
0.684857
0.684991
0.685370
0.686003
0.685976
0.683281
0.663922
0.636043
0.654352
0.704256
0.676176
0.693410
0.694407
0.660860
0.625330
0.644050
0.618560
0.596492
0.595453
0.590559
0.605472
0.574037
0.579671
0.591374
0.583622
0.567766
0.558267
0.557192
0.559450
0.563160
0.564619
0.610601
0.779176
0.912812
0.958557
0.969161
0.971457
0.971742
0.970353
0.972404
0.971185
0.970223
0.971754
0.973969
0.974063
0.973489
0.970460
0.973089
0.975060
0.974414
0.975217
0.976225
0.976351
0.977110
0.978467
0.977938
0.978400
0.978705
0.977813
0.978460
0.978880
0.978640
0.978478
0.979055
0.978309
0.978172
0.977271
0.973306
0.969939
0.956709
0.960110
0.960352
0.964445
0.960776
0.961222
0.959268
0.960991
0.961990
0.961621
0.962368
0.962209
0.962275
0.958354
0.962666
0.966897
0.965867
0.968863
0.966327
0.969204
0.968044
0.969695
0.973259
0.974049
0.973971
0.974615
0.976181
0.975696
0.977344
0.977575
0.978692
0.979068
0.980249
0.979885
0.980416
0.980156
0.980723
0.981236
0.981593
0.982050
0.982614
0.983596
0.984723
0.984897
0.984278
0.983941
0.984044
0.983720
0.983828
0.983488
0.983338
0.982621
0.982105
0.982096
0.981673
0.981818
0.980932
0.980510
0.980101
0.979237
0.976768
0.975404
0.971540
0.956690
0.918475
0.911875
0.804185
0.715122
0.679199
0.662248
0.658791
0.756323
0.666266
0.676611
0.665268
0.687968
0.685800
0.685207
0.689180
0.688933
0.687665
0.689063
0.690048
0.690925
0.689908
0.690651
0.688746
0.687897
0.687297
0.687500
0.688131
0.686967
0.686608
0.686965
0.687796
0.687662
0.688416
0.687168
0.679965
0.670886
0.640719
0.664728
0.706989
0.717036
0.735334
0.679167
0.660631
0.637779
0.615753
0.598509
0.609092
0.598190
0.588160
0.563543
0.580640
0.573051
0.574329
0.582524
0.565833
0.587574
0.563506
0.570513
0.561230
0.560795
0.574514
0.567030
0.565038
0.548963
0.560841
0.566172
0.558922
0.689230
0.857751
0.935062
0.963173
0.972214
0.968598
0.971072
0.974539
0.972895
0.973048
0.971240
0.970935
0.969384
0.972717
0.972322
0.974075
0.976227
0.977569
0.977819
0.978012
0.978909
0.976714
0.978222
0.979120
0.979308
0.979517
0.979315
0.979109
0.979309
0.978257
0.976786
0.974132
0.967312
0.961056
0.961662
0.963209
0.961002
0.965128
0.961012
0.963182
0.960386
0.960772
0.960283
0.958653
0.964426
0.959451
0.960166
0.958879
0.961178
0.960992
0.965685
0.966114
0.966333
0.966888
0.970221
0.970206
0.969014
0.973184
0.973175
0.973802
0.974358
0.976222
0.976384
0.976911
0.977752
0.979092
0.978731
0.979490
0.980475
0.979742
0.980444
0.980645
0.981279
0.981909
0.982427
0.983055
0.985270
0.985058
0.984790
0.984391
0.984457
0.983409
0.983128
0.983160
0.982261
0.982450
0.981926
0.981593
0.981303
0.980916
0.980768
0.980396
0.974942
0.973099
0.968641
0.955130
0.950105
0.864299
0.786427
0.732996
0.691639
0.673496
0.630001
0.639561
0.635193
0.701335
0.727116
0.731202
0.735210
0.743694
0.750461
0.752989
0.755023
0.758054
0.755770
0.754697
0.755804
0.755542
0.755894
0.758555
0.758471
0.757851
0.758053
0.759423
0.757407
0.757065
0.757458
0.756682
0.757650
0.756977
0.756540
0.756054
0.756623
0.743738
0.724000
0.744686
0.764783
0.753160
0.692790
0.699714
0.696668
0.649389
0.627008
0.626593
0.613138
0.603351
0.593881
0.572853
0.566132
0.570000
0.560694
0.553958
0.560683
0.577558
0.575102
0.576805
0.565188
0.549180
0.545319
0.551037
0.555242
0.576563
0.550304
0.572264
0.572409
0.562408
0.562902
0.566817
0.561468
0.573286
0.581532
0.554002
0.571552
0.711473
0.869367
0.942678
0.965967
0.974454
0.971802
0.973133
0.972505
0.974422
0.975511
0.974239
0.972818
0.974583
0.975604
0.977054
0.978180
0.978202
0.978719
0.978523
0.978628
0.978084
0.979371
0.979374
0.979020
0.979056
0.979096
0.979129
0.976052
0.973422
0.965843
0.965816
0.963355
0.961334
0.961448
0.963527
0.961821
0.960781
0.959806
0.962255
0.961190
0.961871
0.955545
0.960629
0.956524
0.964928
0.962737
0.963675
0.964153
0.965529
0.967885
0.966966
0.970307
0.970609
0.970633
0.972425
0.974321
0.974774
0.975721
0.976274
0.977882
0.977981
0.978055
0.979729
0.979751
0.980454
0.980179
0.980898
0.980510
0.981256
0.981468
0.982220
0.982742
0.983282
0.985489
0.985124
0.984489
0.984392
0.984155
0.983121
0.983776
0.982969
0.982777
0.982831
0.979788
0.981850
0.979946
0.981386
0.978704
0.979773
0.977694
0.974481
0.959526
0.941346
0.880369
0.755616
0.673641
0.697602
0.661599
0.647003
0.640141
0.648545
0.637577
0.583478
0.633663
0.688352
0.703196
0.698077
0.686424
0.688596
0.686149
0.690703
0.690333
0.694203
0.694589
0.695657
0.695319
0.692597
0.692298
0.693123
0.690527
0.692944
0.691712
0.691359
0.691785
0.692355
0.693541
0.694267
0.695162
0.695912
0.688334
0.694541
0.694415
0.714252
0.717197
0.733853
0.707590
0.701907
0.696585
0.670925
0.628887
0.617849
0.596062
0.584615
0.601336
0.585428
0.587555
0.579773
0.573390
0.566671
0.580876
0.589834
0.583507
0.559971
0.547701
0.559289
0.570565
0.564358
0.569342
0.578931
0.579775
0.567728
0.574705
0.564318
0.551872
0.550027
0.557197
0.566087
0.572528
0.569546
0.560201
0.547723
0.560075
0.564750
0.550139
0.567437
0.554497
0.552939
0.572079
0.575800
0.567195
0.549730
0.557311
0.574389
0.578957
0.564584
0.580410
0.566953
0.558985
0.547000
0.569428
0.565837
0.566707
0.558491
0.549271
0.564599
0.558949
0.548976
0.554055
0.558666
0.566436
0.571818
0.574031
0.574871
0.569142
0.575953
0.560703
0.568723
0.551961
0.581839
0.582648
0.586071
0.567382
0.576380
0.579284
0.564301
0.557252
0.551520
0.564766
0.567561
0.561151
0.566013
0.580666
0.565120
0.562372
0.572586
0.569332
0.582134
0.771199
0.924547
0.960951
0.970766
0.974797
0.975852
0.978266
0.976839
0.976595
0.977300
0.978264
0.978757
0.979197
0.979318
0.979840
0.979775
0.980728
0.979065
0.980746
0.979433
0.979851
0.980726
0.979776
0.979792
0.980198
0.981992
0.982283
0.981049
0.976862
0.965911
0.965896
0.972043
0.967097
0.968645
0.970643
0.968563
0.968466
0.967988
0.969246
0.972203
0.970710
0.968251
0.968556
0.968271
0.968254
0.970553
0.972759
0.972454
0.975823
0.975044
0.975705
0.976979
0.978889
0.978535
0.978161
0.978418
0.980572
0.981016
0.981883
0.981567
0.982375
0.983085
0.982987
0.983394
0.983062
0.983429
0.984019
0.984156
0.984282
0.984793
0.984903
0.985386
0.986826
0.986394
0.986494
0.986785
0.986235
0.986026
0.986125
0.986069
0.984802
0.984985
0.984878
0.984645
0.984456
0.979739
0.972733
0.972903
0.959336
0.958198
0.956560
0.935902
0.926469
0.890773
0.838883
0.783897
0.753537
0.696877
0.677301
0.686197
0.650399
0.643103
0.608705
0.633434
0.594511
0.582323
0.579721
0.595230
0.566096
0.553600
0.575517
0.540453
0.557322
0.542669
0.539470
0.552113
0.579259
0.585712
0.576969
0.597340
0.630982
0.593931
0.667829
0.591492
0.568472
0.580190
0.583436
0.585875
0.588241
0.584447
0.584613
0.584183
0.585367
0.587826
0.588737
0.589447
0.590507
0.591413
0.591328
0.590731
0.590571
0.590290
0.591059
0.590790
0.591100
0.590351
0.591329
0.589924
0.586069
0.598640
0.650097
0.697113
0.675176
0.603704
0.601904
0.647336
0.657888
0.609002
0.609944
0.604513
0.597347
0.610481
0.574422
0.558139
0.568301
0.562951
0.574136
0.579542
0.702518
0.840968
0.927283
0.948411
0.958939
0.969834
0.972589
0.971990
0.972660
0.974027
0.971025
0.971044
0.973098
0.972254
0.973424
0.973421
0.975059
0.976216
0.976605
0.977059
0.977311
0.978221
0.978047
0.978260
0.977939
0.978226
0.978715
0.978376
0.980033
0.979584
0.978950
0.977960
0.978391
0.975312
0.974575
0.969091
0.962446
0.957648
0.963587
0.965640
0.964983
0.962405
0.963015
0.961605
0.962220
0.960900
0.963734
0.959241
0.960544
0.962199
0.961882
0.962136
0.963606
0.965803
0.966767
0.967218
0.970197
0.967930
0.969634
0.972255
0.971058
0.973171
0.974117
0.974791
0.974389
0.975024
0.976293
0.977748
0.977695
0.978828
0.979504
0.979277
0.979481
0.979523
0.979617
0.981327
0.982191
0.983562
0.984790
0.984728
0.984805
0.984528
0.984242
0.983484
0.983635
0.982893
0.983006
0.981759
0.981549
0.980650
0.980997
0.980820
0.979048
0.979964
0.975524
0.977775
0.971880
0.965716
0.953028
0.915474
0.875792
0.848123
0.772521
0.686362
0.684899
0.731530
0.675404
0.651807
0.667788
0.659085
0.651852
0.648807
0.650312
0.647421
0.652460
0.654359
0.656817
0.654509
0.654115
0.654987
0.656116
0.654892
0.655125
0.654532
0.654321
0.653662
0.653689
0.653638
0.653383
0.652697
0.652112
0.660772
0.676005
0.729757
0.747619
0.745659
0.712821
0.677414
0.667059
0.632624
0.615516
0.612669
0.614539
0.590909
0.583087
0.588779
0.570590
0.578134
0.562842
0.575007
0.553632
0.564725
0.573943
0.545520
0.566500
0.571423
0.552493
0.577686
0.567318
0.579533
0.567427
0.576051
0.562425
0.555856
0.552512
0.559825
0.561981
0.562749
0.567340
0.556838
0.554978
0.555447
0.553227
0.552264
0.555555
0.563795
0.562625
0.569588
0.581433
0.567176
0.560401
0.568182
0.552435
0.563116
0.563312
0.559502
0.556215
0.567690
0.578178
0.545682
0.558781
0.559974
0.563318
0.562983
0.577037
0.565671
0.585979
0.568009
0.570961
0.575593
0.552914
0.567441
0.551967
0.551316
0.563279
0.558066
0.623943
0.814078
0.934521
0.965948
0.974254
0.975914
0.973998
0.977820
0.975772
0.976712
0.976376
0.976102
0.976258
0.978069
0.978645
0.978745
0.980194
0.979512
0.981123
0.981728
0.981410
0.981452
0.981332
0.980839
0.982141
0.981947
0.980537
0.980385
0.978112
0.973279
0.970312
0.967637
0.967385
0.968493
0.966236
0.965574
0.965147
0.965297
0.966754
0.966153
0.963770
0.963000
0.965656
0.961425
0.961457
0.964627
0.968445
0.966657
0.971634
0.969097
0.972273
0.973587
0.972794
0.973379
0.974484
0.974146
0.976039
0.977100
0.976777
0.977823
0.978517
0.978135
0.980393
0.979597
0.980891
0.980878
0.981651
0.981746
0.981833
0.982349
0.983301
0.984132
0.985291
0.986529
0.986423
0.986343
0.985987
0.985999
0.985158
0.984022
0.984591
0.983667
0.982957
0.982852
0.981983
0.981463
0.978755
0.966368
0.968733
0.966304
0.971252
0.941201
0.906674
0.850512
0.804179
0.768853
0.741058
0.686428
0.663326
0.653535
0.594737
0.605989
0.624022
0.600951
0.586776
0.577350
0.560989
0.550773
0.550499
0.551962
0.555400
0.562248
0.579586
0.609216
0.596469
0.630107
0.630933
0.633773
0.633271
0.636180
0.639608
0.640830
0.644850
0.644522
0.646116
0.646496
0.646716
0.644624
0.645258
0.645986
0.649598
0.648185
0.650399
0.652091
0.653972
0.655551
0.655508
0.658154
0.659045
0.658571
0.658308
0.641326
0.634055
0.641953
0.692510
0.703785
0.647901
0.644084
0.656265
0.644264
0.644864
0.612663
0.593539
0.583502
0.583967
0.585723
0.584341
0.573707
0.590943
0.587158
0.569921
0.576433
0.579557
0.579816
0.568583
0.578644
0.566072
0.557828
0.561923
0.573909
0.576824
0.572339
0.588635
0.546852
0.570320
0.563228
0.576721
0.558560
0.568185
0.567422
0.557828
0.555790
0.539568
0.559987
0.555603
0.541899
0.564825
0.565023
0.550650
0.565765
0.557200
0.557791
0.567485
0.554515
0.547912
0.560811
0.571379
0.544723
0.556072
0.552082
0.577188
0.575350
0.575572
0.563069
0.550579
0.577396
0.559820
0.574658
0.555715
0.574000
0.563805
0.543231
0.545481
0.573852
0.543777
0.551688
0.567932
0.562821
0.569071
0.575312
0.568537
0.574983
0.577349
0.552875
0.555654
0.561018
0.560200
0.565240
0.575696
0.549948
0.555189
0.579307
0.567774
0.564809
0.563881
0.570978
0.559488
0.571223
0.554820
0.575230
0.571175
0.576447
0.571614
0.576753
0.572602
0.562878
0.583732
0.584158
0.578779
0.582394
0.550475
0.574136
0.557161
0.562972
0.553867
0.559186
0.585020
0.567542
0.585773
0.569759
0.563298
0.565432
0.587594
0.570899
0.583772
0.558044
0.561535
0.537303
0.563668
0.583760
0.562316
0.576235
0.574045
0.580786
0.560388
0.572238
0.562925
0.581777
0.567946
0.566594
0.563664
0.588891
0.703215
0.854684
0.949749
0.968999
0.975220
0.978541
0.977588
0.979228
0.980465
0.978225
0.978295
0.980182
0.981001
0.982737
0.981971
0.982517
0.981743
0.981765
0.982367
0.982928
0.983383
0.982714
0.982607
0.982896
0.983619
0.984723
0.984243
0.983292
0.979785
0.973772
0.973464
0.971397
0.970814
0.969488
0.970626
0.970783
0.973333
0.973703
0.974247
0.971937
0.973199
0.974210
0.974430
0.972281
0.974052
0.974631
0.977815
0.977676
0.977851
0.978254
0.979722
0.980933
0.981583
0.981116
0.981863
0.982741
0.982292
0.982834
0.983949
0.984059
0.983702
0.984212
0.984297
0.984632
0.984603
0.984890
0.985089
0.985158
0.985306
0.985606
0.985575
0.986025
0.987298
0.987464
0.987282
0.987252
0.986815
0.987092
0.986586
0.986426
0.986372
0.985577
0.985570
0.985526
0.978782
0.969949
0.963658
0.957856
0.961244
0.950698
0.951633
0.951263
0.928645
0.912290
0.875356
0.845408
0.808579
0.773366
0.729192
0.690763
0.677476
0.655636
0.618907
0.608824
0.566764
0.561624
0.567501
0.556797
0.563841
0.557766
0.566745
0.557493
0.586279
0.544039
0.547138
0.543602
0.580296
0.566787
0.550299
0.546208
0.544262
0.530084
0.549310
0.546143
0.569079
0.542553
0.555519
0.541784
0.569735
0.598120
0.581963
0.585116
0.637034
0.622845
0.596818
0.577582
0.647406
0.679513
0.651148
0.631137
0.622846
0.623896
0.634899
0.633059
0.629333
0.625309
0.622243
0.620844
0.622916
0.624948
0.627814
0.626998
0.623891
0.626155
0.627286
0.629117
0.630591
0.631693
0.632886
0.632468
0.631344
0.630521
0.654895
0.675512
0.700412
0.681374
0.624491
0.609965
0.644660
0.653237
0.624286
0.609808
0.589617
0.601841
0.589313
0.591465
0.583632
0.580529
0.572301
0.564307
0.570654
0.572895
0.575808
0.569368
0.563853
0.556563
0.571853
0.570701
0.567282
0.567413
0.583985
0.607690
0.550768
0.559781
0.556377
0.561266
0.569578
0.554652
0.562046
0.561492
0.581236
0.583328
0.569859
0.559021
0.565268
0.555702
0.538332
0.570421
0.568669
0.578497
0.553305
0.563599
0.570126
0.568803
0.575345
0.561328
0.558982
0.586521
0.559434
0.569417
0.554445
0.573758
0.575997
0.561051
0.573686
0.639611
0.834144
0.932356
0.967235
0.969092
0.974616
0.975615
0.976424
0.976323
0.977748
0.978950
0.978542
0.978552
0.978713
0.979730
0.979509
0.979445
0.980279
0.979646
0.980529
0.981291
0.981354
0.981151
0.981873
0.981676
0.982495
0.982406
0.981586
0.978433
0.975203
0.970838
0.967588
0.968876
0.968138
0.968843
0.967609
0.967463
0.968225
0.967972
0.964315
0.964074
0.967468
0.966800
0.969842
0.965679
0.963956
0.965263
0.966284
0.968153
0.967089
0.970116
0.970888
0.972665
0.971378
0.971847
0.975592
0.974477
0.976155
0.976621
0.977002
0.977278
0.977686
0.978842
0.978651
0.979887
0.979721
0.981366
0.981208
0.981180
0.981137
0.981418
0.982270
0.984179
0.984530
0.986147
0.985943
0.986187
0.985772
0.985305
0.985005
0.985012
0.984731
0.983727
0.982938
0.982658
0.982348
0.981887
0.981476
0.981048
0.978092
0.971216
0.971122
0.969694
0.953866
0.878836
0.820486
0.726631
0.715529
0.661509
0.642839
0.649371
0.653380
0.586172
0.622271
0.582565
0.562660
0.574077
0.554566
0.547959
0.574216
0.571172
0.584215
0.574988
0.613666
0.620796
0.625432
0.609819
0.614308
0.629091
0.627649
0.624492
0.627061
0.629168
0.626820
0.627016
0.624766
0.626486
0.624998
0.627258
0.628933
0.631468
0.631488
0.633281
0.634154
0.635783
0.636672
0.638662
0.638441
0.629952
0.626116
0.615962
0.631308
0.678765
0.663824
0.624095
0.579393
0.667932
0.648361
0.632490
0.598778
0.609128
0.608722
0.578944
0.575743
0.582124
0.579646
0.571023
0.574547
0.574749
0.579086
0.568266
0.559284
0.569915
0.570576
0.567567
0.577846
0.576561
0.573363
0.569318
0.574937
0.558574
0.555564
0.567455
0.618536
0.801691
0.927042
0.962709
0.972810
0.975924
0.975616
0.976013
0.974408
0.977305
0.978550
0.976229
0.977440
0.978911
0.978585
0.978801
0.978691
0.979614
0.980135
0.979750
0.979936
0.979397
0.979563
0.979775
0.980067
0.980409
0.980864
0.980462
0.979667
0.973281
0.967877
0.967449
0.970561
0.965510
0.970232
0.962783
0.964994
0.968208
0.971423
0.966855
0.963890
0.965880
0.966352
0.966432
0.967426
0.967700
0.967558
0.970451
0.971788
0.972599
0.974636
0.973951
0.975196
0.975723
0.976970
0.977265
0.978604
0.978927
0.979989
0.979953
0.980135
0.980767
0.981221
0.981389
0.981461
0.981954
0.981957
0.982343
0.982263
0.982672
0.982792
0.982752
0.983244
0.985389
0.985125
0.985385
0.985241
0.984732
0.984917
0.984815
0.984883
0.984201
0.983978
0.984237
0.984031
0.983593
0.982997
0.983040
0.982932
0.978178
0.973829
0.974831
0.973444
0.934435
0.931196
0.843177
0.705525
0.716044
0.657737
0.648285
0.646515
0.609158
0.593050
0.621038
0.623530
0.632186
0.648663
0.629773
0.640733
0.636803
0.639337
0.633780
0.628671
0.629108
0.627754
0.627211
0.625594
0.629307
0.628379
0.631843
0.630332
0.629231
0.629246
0.628288
0.629964
0.630043
0.628754
0.628357
0.629482
0.634038
0.635992
0.627731
0.655965
0.705585
0.708531
0.621177
0.639097
0.680019
0.655540
0.627829
0.621753
0.588283
0.595639
0.598446
0.589210
0.576688
0.572400
0.569386
0.570642
0.575888
0.567078
0.563108
0.570677
0.557101
0.563045
0.583184
0.566852
0.557401
0.560008
0.550399
0.556602
0.560006
0.569839
0.659807
0.814441
0.924590
0.951995
0.968592
0.973721
0.973800
0.973102
0.976447
0.974632
0.974486
0.974286
0.972645
0.976439
0.977233
0.977451
0.976912
0.976576
0.978864
0.979091
0.979228
0.979275
0.979145
0.979575
0.979802
0.980365
0.980212
0.980066
0.980734
0.980246
0.978614
0.977689
0.975728
0.975167
0.971024
0.967010
0.966953
0.963735
0.964975
0.963731
0.962146
0.966449
0.964176
0.958192
0.959421
0.959852
0.958382
0.961472
0.960246
0.961844
0.961594
0.964066
0.964561
0.965327
0.964689
0.968627
0.966777
0.967407
0.969473
0.970978
0.971484
0.968933
0.971970
0.972784
0.971921
0.972653
0.974017
0.974120
0.975668
0.975962
0.976704
0.977043
0.977052
0.977517
0.979488
0.981259
0.982120
0.982999
0.985409
0.984813
0.984746
0.983916
0.983919
0.983128
0.983019
0.982085
0.981389
0.980590
0.979322
0.980277
0.979914
0.979641
0.979997
0.979672
0.977877
0.970981
0.959444
0.928611
0.919286
0.838027
0.752443
0.662405
0.669765
0.610337
0.648673
0.638733
0.594063
0.642183
0.649057
0.641472
0.662974
0.679812
0.679868
0.686342
0.689274
0.682971
0.682618
0.683803
0.684868
0.684802
0.686763
0.688217
0.690431
0.689286
0.692042
0.693200
0.691575
0.690817
0.691223
0.691341
0.691541
0.692289
0.692130
0.692804
0.695999
0.663405
0.674416
0.695563
0.691036
0.618955
0.653383
0.669396
0.633571
0.621117
0.625997
0.614369
0.605692
0.606985
0.611142
0.600373
0.577169
0.564721
0.571244
0.566013
0.582770
0.574057
0.586075
0.587765
0.571309
0.551615
0.564122
0.599409
0.560981
0.583448
0.569950
0.547937
0.572236
0.582755
0.580200
0.565519
0.572311
0.578153
0.586016
0.723100
0.865642
0.950419
0.968497
0.972435
0.974368
0.976196
0.977697
0.976364
0.975921
0.977105
0.976842
0.977082
0.977721
0.978466
0.979111
0.978627
0.979361
0.979225
0.979556
0.979643
0.979568
0.980600
0.980654
0.980552
0.980818
0.979983
0.979991
0.978504
0.975817
0.971736
0.967748
0.967177
0.966878
0.967937
0.965682
0.962690
0.966651
0.962986
0.965533
0.962253
0.963816
0.960628
0.963975
0.965603
0.961701
0.965615
0.963090
0.966112
0.966692
0.967565
0.969946
0.970419
0.972581
0.972190
0.970912
0.973501
0.973972
0.974403
0.975330
0.974426
0.976402
0.977251
0.977570
0.978224
0.977533
0.978968
0.979291
0.979256
0.979893
0.980124
0.981277
0.982842
0.983066
0.985115
0.985685
0.985205
0.985214
0.984530
0.984462
0.984037
0.983420
0.983138
0.982540
0.981499
0.981993
0.980860
0.980852
0.980713
0.979210
0.978477
0.973908
0.968557
0.952737
0.945220
0.893367
0.776152
0.734576
0.669834
0.672997
0.632235
0.583073
0.619391
0.589449
0.607783
0.626038
0.633426
0.685673
0.689179
0.681314
0.672485
0.676383
0.680112
0.679187
0.677805
0.679286
0.678838
0.680113
0.680327
0.680442
0.682590
0.680740
0.680604
0.683050
0.682658
0.682293
0.682465
0.683511
0.683241
0.683225
0.680103
0.685435
0.677933
0.719695
0.745247
0.716204
0.649955
0.633828
0.672363
0.647488
0.626361
0.617996
0.585406
0.609211
0.596361
0.585150
0.578198
0.606422
0.741544
0.904259
0.956422
0.967467
0.975161
0.975652
0.975200
0.971591
0.974486
0.974225
0.975020
0.975397
0.977728
0.977371
0.978935
0.979146
0.979482
0.979389
0.979983
0.980516
0.980631
0.981006
0.981003
0.980771
0.979903
0.980593
0.979608
0.978169
0.974951
0.970737
0.968365
0.969403
0.965498
0.969652
0.959556
0.964364
0.965432
0.963591
0.966679
0.963937
0.966364
0.962808
0.967035
0.962888
0.965536
0.966287
0.966418
0.966777
0.966392
0.969355
0.972766
0.973043
0.974235
0.973990
0.973793
0.976096
0.976723
0.976806
0.977229
0.977312
0.979039
0.979061
0.979068
0.979372
0.980140
0.981161
0.980531
0.981122
0.981452
0.981352
0.982466
0.983803
0.984756
0.984664
0.985088
0.984776
0.984618
0.984176
0.984287
0.983889
0.983897
0.983134
0.982886
0.982704
0.982631
0.982113
0.981651
0.978954
0.980311
0.968915
0.969551
0.956392
0.949814
0.912524
0.869440
0.885667
0.726900
0.709461
0.702236
0.690993
0.688784
0.687726
0.698023
0.690952
0.690648
0.690464
0.689854
0.690957
0.689404
0.690117
0.689542
0.691002
0.689900
0.690938
0.689494
0.686552
0.687011
0.686296
0.686156
0.685496
0.685369
0.685572
0.690016
0.695118
0.688951
0.711632
0.733182
0.738554
0.695436
0.735696
0.711717
0.669392
0.637140
0.606434
0.607459
0.605988
0.591265
0.602252
0.599489
0.577635
0.567166
0.576860
0.582708
0.590605
0.568888
0.572559
0.569550
0.669705
0.861014
0.948142
0.972412
0.973713
0.975345
0.975946
0.976828
0.976959
0.976478
0.975208
0.976019
0.977435
0.979490
0.979138
0.979023
0.979374
0.979459
0.979196
0.979016
0.980036
0.980034
0.979949
0.979974
0.980142
0.981122
0.981071
0.980008
0.978565
0.976243
0.970937
0.968615
0.965389
0.968352
0.966302
0.968676
0.968239
0.966963
0.967615
0.966381
0.964525
0.965648
0.966034
0.963394
0.966743
0.964501
0.966289
0.968335
0.967296
0.969572
0.969757
0.972216
0.971183
0.973409
0.974839
0.974840
0.976330
0.977014
0.977565
0.978751
0.979093
0.979032
0.979130
0.980201
0.981013
0.980559
0.981259
0.981481
0.982231
0.982267
0.982436
0.983146
0.984091
0.985058
0.985423
0.985276
0.985550
0.984959
0.984445
0.984225
0.983980
0.983911
0.983555
0.982671
0.982702
0.983004
0.982334
0.982322
0.980406
0.979701
0.969993
0.967961
0.959489
0.920982
0.888685
0.808545
0.774993
0.714024
0.684292
0.704796
0.710485
0.709557
0.726948
0.733071
0.734979
0.744849
0.747977
0.748079
0.744249
0.743647
0.742225
0.739258
0.737759
0.733440
0.734976
0.736235
0.737216
0.737454
0.737733
0.737583
0.737804
0.739242
0.741915
0.741611
0.740724
0.740355
0.741669
0.727636
0.735417
0.758210
0.748079
0.693346
0.696916
0.694256
0.660163
0.652144
0.620276
0.628249
0.623786
0.587049
0.587520
0.574756
0.578504
0.583053
0.581715
0.591548
0.590234
0.561511
0.566049
0.581701
0.579112
0.557928
0.566809
0.572291
0.567025
0.557964
0.578814
0.576199
0.718775
0.876196
0.945658
0.964585
0.975319
0.976309
0.976601
0.976200
0.975943
0.974576
0.976107
0.976766
0.977987
0.978165
0.979434
0.978919
0.979310
0.979237
0.979406
0.979886
0.980025
0.980755
0.980874
0.980853
0.981163
0.980258
0.979317
0.979431
0.977326
0.973791
0.971928
0.967759
0.969327
0.967764
0.969133
0.968156
0.967514
0.968580
0.966582
0.967512
0.965881
0.963432
0.965564
0.966827
0.967717
0.965467
0.965454
0.968379
0.966029
0.969592
0.971202
0.971860
0.972632
0.973301
0.974350
0.974139
0.975586
0.976914
0.976561
0.978378
0.977808
0.979274
0.980134
0.979655
0.980242
0.980688
0.981187
0.980699
0.980945
0.980844
0.982605
0.983614
0.984814
0.985656
0.985902
0.985599
0.985053
0.984965
0.984684
0.984292
0.984097
0.983579
0.982614
0.981904
0.982011
0.982531
0.982205
0.982082
0.981527
0.979198
0.973009
0.960592
0.927275
0.846077
0.841545
0.806286
0.749926
0.664842
0.642256
0.657493
0.659819
0.660531
0.669758
0.718475
0.697802
0.698639
0.705618
0.694988
0.699205
0.699916
0.699200
0.699151
0.699591
0.700549
0.699311
0.700922
0.698046
0.698082
0.696623
0.697792
0.696463
0.695441
0.698166
0.700180
0.700792
0.700230
0.700874
0.698810
0.712350
0.704592
0.728984
0.732603
0.676275
0.641714
0.704864
0.690419
0.651893
0.643588
0.630710
0.613042
0.604283
0.607617
0.592998
0.573994
0.564736
0.562627
0.571645
0.583096
0.584407
0.572265
0.571673
0.577590
0.584296
0.571836
0.564240
0.576718
0.569595
0.566922
0.572617
0.566617
0.563925
0.568242
0.597673
0.751602
0.901882
0.958519
0.971739
0.975950
0.976164
0.974854
0.973855
0.976319
0.974928
0.975371
0.975965
0.977085
0.977408
0.979885
0.978472
0.978552
0.979048
0.978725
0.979714
0.979522
0.980877
0.980567
0.979942
0.980853
0.980646
0.979894
0.977823
0.975983
0.969582
0.968927
0.966510
0.967498
0.965229
0.968605
0.967383
0.963495
0.964954
0.966846
0.965303
0.965095
0.962853
0.965692
0.963395
0.964424
0.966604
0.966104
0.967958
0.968349
0.967079
0.970369
0.972134
0.971065
0.972733
0.972627
0.974186
0.975084
0.972986
0.975875
0.976120
0.977112
0.977803
0.978013
0.978682
0.979613
0.979930
0.980272
0.980056
0.980773
0.980975
0.981485
0.983243
0.983880
0.984991
0.985251
0.984602
0.984594
0.984110
0.983535
0.983175
0.982670
0.982726
0.981924
0.981281
0.981253
0.981653
0.980713
0.980098
0.978408
0.975939
0.969542
0.966466
0.944089
0.898806
0.848702
0.773256
0.706935
0.646112
0.687396
0.631147
0.640511
0.631903
0.624903
0.675175
0.696243
0.684916
0.686256
0.687887
0.687161
0.681940
0.677755
0.680387
0.679440
0.680493
0.681002
0.684998
0.686800
0.690294
0.690893
0.693067
0.692047
0.693091
0.693569
0.693060
0.692512
0.692200
0.690362
0.690059
0.692531
0.680006
0.693861
0.690832
0.715382
0.712646
0.681347
0.673028
0.672283
0.667709
0.660624
0.644764
0.626588
0.616783
0.613333
0.597847
0.575054
0.553102
0.585561
0.577802
0.585818
0.582938
0.559732
0.560086
0.569009
0.575182
0.554865
0.552911
0.565213
0.560062
0.657700
0.840765
0.936058
0.966532
0.972763
0.974561
0.977901
0.977161
0.977761
0.977438
0.978099
0.978066
0.977867
0.977944
0.979051
0.979882
0.979213
0.980564
0.980703
0.980812
0.980667
0.980699
0.980471
0.980660
0.980942
0.980233
0.980511
0.979915
0.977929
0.976184
0.969560
0.970334
0.967742
0.967460
0.969213
0.969567
0.965377
0.966887
0.963953
0.964778
0.968141
0.967504
0.963633
0.966826
0.966218
0.965517
0.967771
0.969157
0.970080
0.970943
0.970218
0.973475
0.974077
0.975217
0.975534
0.976316
0.977556
0.976333
0.978121
0.979416
0.979475
0.980646
0.980898
0.980383
0.981615
0.981485
0.982294
0.981634
0.982097
0.982111
0.982006
0.982988
0.983597
0.984784
0.985738
0.985394
0.985055
0.984944
0.984518
0.984878
0.984545
0.984139
0.983866
0.983221
0.982898
0.983266
0.982884
0.982797
0.982362
0.979701
0.980287
0.968495
0.967513
0.901678
0.865580
0.858651
0.766021
0.727220
0.645385
0.678433
0.656267
0.636116
0.638915
0.680316
0.715580
0.714402
0.726963
0.727287
0.724657
0.725835
0.732810
0.735667
0.734251
0.733244
0.733307
0.731481
0.731492
0.730403
0.730097
0.730691
0.729912
0.730921
0.729767
0.728305
0.728844
0.729173
0.728530
0.729375
0.723858
0.707737
0.709166
0.736081
0.730304
0.649017
0.644209
0.665571
0.677302
0.667372
0.603963
0.599566
0.592529
0.597635
0.588873
0.586752
0.585801
0.641119
0.807607
0.934819
0.964321
0.974142
0.975979
0.976938
0.974632
0.976224
0.976979
0.978376
0.978604
0.978678
0.979084
0.977406
0.979317
0.979031
0.978902
0.979485
0.980158
0.980376
0.979984
0.979618
0.979409
0.978503
0.979197
0.979582
0.979350
0.975209
0.967623
0.965676
0.968454
0.969888
0.967895
0.965226
0.968842
0.968163
0.966242
0.966418
0.964730
0.966156
0.966422
0.967448
0.965520
0.965260
0.969544
0.970441
0.969408
0.969894
0.973403
0.972372
0.973852
0.974609
0.975894
0.975490
0.976530
0.977692
0.977995
0.977943
0.979444
0.980181
0.980481
0.980548
0.980450
0.981091
0.981780
0.981660
0.982142
0.982839
0.982727
0.983540
0.984125
0.985335
0.985548
0.985281
0.984458
0.984473
0.984206
0.984426
0.983969
0.983844
0.983416
0.982966
0.982592
0.981978
0.982540
0.982268
0.982043
0.980496
0.972865
0.977030
0.953173
0.895437
0.881230
0.835036
0.852502
0.767195
0.727423
0.752592
0.720304
0.716832
0.713720
0.716576
0.721204
0.725027
0.725160
0.727687
0.729497
0.732170
0.732926
0.731607
0.732238
0.731241
0.731220
0.730884
0.731095
0.732138
0.731517
0.730981
0.730891
0.731335
0.731134
0.731623
0.731972
0.706675
0.706932
0.746090
0.769507
0.783608
0.701830
0.732455
0.691095
0.675428
0.632364
0.614775
0.608508
0.609122
0.602600
0.596587
0.580557
0.579864
0.596693
0.587037
0.583331
0.584899
0.581815
0.569312
0.565906
0.577786
0.564412
0.566567
0.553083
0.563710
0.556728
0.550741
0.570210
0.564618
0.657561
0.840044
0.942500
0.965878
0.974677
0.976482
0.976466
0.976417
0.976980
0.975980
0.978248
0.978662
0.978440
0.978105
0.978345
0.979956
0.980437
0.980513
0.980693
0.981513
0.981394
0.980828
0.981705
0.981080
0.981307
0.981498
0.981156
0.979353
0.973104
0.972736
0.964184
0.966021
0.970075
0.967862
0.966291
0.965133
0.968709
0.967350
0.967031
0.967015
0.970165
0.966720
0.962785
0.965371
0.968617
0.968297
0.969575
0.971658
0.971592
0.971721
0.973575
0.974396
0.974777
0.974049
0.975258
0.977090
0.977581
0.977891
0.978108
0.979207
0.980410
0.980445
0.980808
0.981026
0.982024
0.981770
0.981355
0.982575
0.982766
0.982913
0.982755
0.983642
0.984892
0.986235
0.985522
0.985625
0.985423
0.984962
0.984706
0.984075
0.984312
0.983680
0.983866
0.982895
0.982931
0.982871
0.982450
0.982466
0.981597
0.973953
0.967027
0.962588
0.946088
0.854899
0.879231
0.765952
0.738233
0.684659
0.671973
0.641606
0.641020
0.658428
0.655564
0.705273
0.707833
0.695855
0.694683
0.703057
0.699193
0.696960
0.695961
0.700201
0.704896
0.707182
0.707727
0.704643
0.705415
0.705828
0.703170
0.702918
0.703675
0.704021
0.703901
0.704527
0.704588
0.704384
0.704936
0.704550
0.707041
0.705958
0.721198
0.737443
0.744040
0.706169
0.676728
0.660288
0.662782
0.667830
0.640397
0.613322
0.606650
0.601460
0.597153
0.582540
0.567810
0.583801
0.583044
0.582888
0.578226
0.573038
0.588725
0.579773
0.583896
0.599559
0.589377
0.589258
0.571919
0.569272
0.564857
0.570818
0.577384
0.561964
0.566359
0.567768
0.573854
0.648874
0.802752
0.928836
0.963402
0.975418
0.975704
0.979540
0.977359
0.977713
0.977785
0.978294
0.977669
0.978789
0.979871
0.979824
0.980617
0.980758
0.980269
0.979900
0.980236
0.980931
0.981277
0.981196
0.980702
0.980714
0.980854
0.980032
0.978213
0.978574
0.971627
0.969340
0.971974
0.966937
0.968331
0.971670
0.968499
0.971042
0.970545
0.966780
0.966817
0.967551
0.969601
0.967026
0.967533
0.968152
0.967396
0.971237
0.972239
0.972672
0.972827
0.976044
0.975574
0.977252
0.977429
0.977691
0.977865
0.979517
0.979619
0.980784
0.980906
0.981285
0.981756
0.982461
0.982152
0.982279
0.983368
0.983499
0.983143
0.983697
0.983943
0.984134
0.984264
0.985540
0.986325
0.986060
0.985696
0.985412
0.985209
0.985175
0.985036
0.984624
0.984703
0.983790
0.984205
0.983665
0.983811
0.979156
0.980361
0.978768
0.976466
0.972580
0.967433
0.943875
0.902921
0.840335
0.751555
0.690413
0.679200
0.656229
0.642212
0.633728
0.639419
0.644169
0.656434
0.673230
0.718221
0.697701
0.687174
0.681728
0.683670
0.682711
0.684485
0.680153
0.678458
0.676820
0.674834
0.674229
0.673727
0.674717
0.676351
0.676398
0.676947
0.675860
0.674963
0.676436
0.675863
0.675708
0.675754
0.675940
0.683136
0.697191
0.722483
0.752142
0.743392
0.643786
0.646299
0.711740
0.668420
0.658445
0.608119
0.602960
0.612861
0.694303
0.851921
0.939985
0.965399
0.970654
0.975197
0.977251
0.976377
0.975848
0.975296
0.976131
0.976612
0.976872
0.978758
0.979311
0.979834
0.979181
0.979202
0.980239
0.979301
0.980874
0.980062
0.981589
0.981973
0.982119
0.981707
0.980805
0.980398
0.978687
0.977090
0.970129
0.974659
0.967698
0.968504
0.963786
0.961233
0.967933
0.968239
0.965702
0.962937
0.966356
0.965888
0.966169
0.961860
0.967521
0.966727
0.965827
0.967006
0.969174
0.968558
0.970601
0.970890
0.973750
0.973616
0.975277
0.976034
0.975727
0.976535
0.975723
0.977552
0.978129
0.979114
0.978572
0.978911
0.980577
0.980273
0.980950
0.981430
0.981835
0.982251
0.982183
0.982387
0.983740
0.984457
0.985736
0.985559
0.985400
0.985150
0.985114
0.984796
0.984326
0.984326
0.983718
0.983518
0.982987
0.982689
0.982767
0.982361
0.981906
0.981900
0.974788
0.958029
0.961341
0.943280
0.913327
0.904914
0.829038
0.818717
0.807254
0.819844
0.840547
0.834004
0.833175
0.832036
0.831269
0.829564
0.828167
0.824729
0.824871
0.824315
0.825888
0.826190
0.825543
0.826625
0.826410
0.826214
0.826893
0.828166
0.828814
0.828648
0.828782
0.829402
0.829489
0.828150
0.833452
0.833024
0.829986
0.828138
0.817846
0.807173
0.766104
0.769926
0.717382
0.661917
0.624375
0.606742
0.604957
0.598735
0.584088
0.581183
0.581539
0.590889
0.578834
0.585153
0.566148
0.563562
0.567181
0.573743
0.568851
0.579278
0.560732
0.573481
0.571610
0.564306
0.569407
0.570575
0.573633
0.568064
0.578324
0.565725
0.553073
0.583806
0.569196
0.569255
0.560814
0.553516
0.571651
0.568729
0.595256
0.778442
0.920178
0.958644
0.973206
0.976371
0.976751
0.977032
0.975834
0.976833
0.977293
0.979061
0.979097
0.978936
0.978829
0.980013
0.980377
0.980209
0.981123
0.981170
0.981056
0.981398
0.981880
0.981538
0.981572
0.982411
0.981628
0.980996
0.980307
0.972656
0.967884
0.969982
0.965986
0.969240
0.965966
0.970283
0.967927
0.968049
0.968684
0.969923
0.970133
0.963502
0.969360
0.970070
0.969435
0.969983
0.969318
0.968245
0.971849
0.973840
0.973402
0.972611
0.975983
0.975479
0.976177
0.978161
0.977861
0.977656
0.979907
0.979797
0.980893
0.980718
0.981082
0.981854
0.982316
0.982976
0.982887
0.983225
0.983083
0.983213
0.983593
0.984057
0.985081
0.986302
0.986424
0.986103
0.986204
0.986098
0.985815
0.985623
0.985479
0.984850
0.984744
0.984017
0.983713
0.983261
0.983774
0.983381
0.978141
0.976002
0.964352
0.971774
0.977706
0.962548
0.887317
0.793960
0.774777
0.748222
0.718215
0.658540
0.647428
0.620178
0.622482
0.618968
0.615290
0.660536
0.636216
0.683466
0.696981
0.695287
0.694267
0.703456
0.709081
0.710801
0.705679
0.704071
0.704908
0.707989
0.710248
0.710202
0.709098
0.710091
0.710969
0.708876
0.710788
0.711379
0.712674
0.713348
0.713282
0.713707
0.713748
0.714489
0.712849
0.708690
0.707203
0.690317
0.729128
0.733063
0.688580
0.654289
0.683564
0.650142
0.633970
0.626319
0.587815
0.599350
0.591937
0.594273
0.604613
0.574617
0.575267
0.579023
0.575678
0.589459
0.561818
0.579669
0.581477
0.565797
0.545315
0.564142
0.549430
0.566380
0.664360
0.833852
0.917763
0.956893
0.973960
0.977699
0.977268
0.977023
0.974530
0.975440
0.978044
0.979526
0.979543
0.980196
0.980549
0.980213
0.980331
0.980813
0.980441
0.980512
0.980945
0.981216
0.981582
0.981433
0.982075
0.982038
0.981295
0.981010
0.980628
0.976397
0.976768
0.972974
0.970108
0.971757
0.970374
0.970070
0.967887
0.970266
0.968444
0.969823
0.966958
0.968391
0.967100
0.966662
0.965919
0.966689
0.969286
0.969204
0.973462
0.969424
0.972239
0.976372
0.975717
0.974630
0.976126
0.978214
0.978396
0.978691
0.978900
0.980695
0.981276
0.981349
0.981086
0.981995
0.981521
0.983003
0.982906
0.983166
0.983463
0.983559
0.983115
0.984279
0.985308
0.986229
0.986046
0.986131
0.985962
0.985710
0.985295
0.985189
0.985215
0.985067
0.984685
0.983933
0.983792
0.983699
0.984203
0.983844
0.981865
0.976193
0.978361
0.978310
0.974216
0.967215
0.936862
0.887261
0.808286
0.729811
0.723328
0.668212
0.635817
0.653169
0.660979
0.672650
0.687945
0.686403
0.666479
0.674434
0.670107
0.670556
0.671931
0.674942
0.678808
0.683332
0.687627
0.687077
0.688527
0.687268
0.687917
0.684592
0.683728
0.683254
0.683242
0.682815
0.682252
0.681551
0.680971
0.680207
0.682167
0.663109
0.687474
0.708571
0.736076
0.715506
0.666180
0.677445
0.667735
0.634017
0.631689
0.640157
0.616248
0.662582
0.792501
0.909550
0.950866
0.971716
0.973831
0.976103
0.978264
0.978360
0.977261
0.976185
0.977085
0.977081
0.978442
0.978943
0.978003
0.979345
0.979300
0.979909
0.979724
0.979454
0.980438
0.980939
0.980574
0.980585
0.980707
0.980731
0.980908
0.980790
0.978226
0.975857
0.970365
0.968820
0.967203
0.969128
0.965229
0.963077
0.963981
0.962759
0.964019
0.965259
0.962204
0.965151
0.963495
0.959771
0.959762
0.962123
0.963991
0.963128
0.964745
0.966674
0.967089
0.967958
0.966326
0.970895
0.970539
0.971901
0.970653
0.972944
0.972664
0.973817
0.974763
0.974953
0.975053
0.974966
0.976285
0.975833
0.977371
0.978323
0.978354
0.979214
0.980710
0.981744
0.983331
0.984366
0.985754
0.985630
0.985347
0.984641
0.984511
0.983535
0.983019
0.982056
0.981127
0.980585
0.980410
0.980370
0.979934
0.980132
0.979729
0.975340
0.961281
0.947383
0.910829
0.897883
0.875418
0.815648
0.809723
0.798515
0.802489
0.805658
0.811152
0.813699
0.811498
0.812651
0.813048
0.815809
0.816646
0.817246
0.818959
0.818924
0.818011
0.818877
0.818490
0.818655
0.819059
0.818566
0.818589
0.818582
0.818876
0.819210
0.814642
0.807457
0.806941
0.846224
0.847043
0.830832
0.792763
0.735098
0.688510
0.683591
0.656465
0.637086
0.602866
0.611436
0.616554
0.603498
0.588710
0.591120
0.568051
0.578531
0.579271
0.572148
0.574859
0.585621
0.566149
0.572506
0.574551
0.574545
0.569492
0.569431
0.553293
0.566647
0.563640
0.578351
0.553701
0.576131
0.567319
0.574663
0.573957
0.579849
0.566739
0.560099
0.559533
0.574325
0.573346
0.585150
0.680796
0.838623
0.946965
0.972197
0.977584
0.978472
0.978240
0.976596
0.975148
0.977717
0.978569
0.979288
0.979738
0.978263
0.979593
0.979797
0.980740
0.981005
0.981529
0.981679
0.981411
0.981971
0.982027
0.982034
0.981964
0.982026
0.980972
0.980619
0.975174
0.974098
0.974028
0.972813
0.966436
0.969759
0.972836
0.972438
0.972505
0.969938
0.968648
0.969573
0.968013
0.969982
0.970046
0.968432
0.968359
0.973946
0.972369
0.974893
0.973570
0.975227
0.975636
0.976475
0.977496
0.978076
0.977675
0.977950
0.979573
0.980043
0.980989
0.980800
0.981170
0.982109
0.982172
0.982977
0.982792
0.982736
0.982617
0.983037
0.983826
0.984607
0.985781
0.986730
0.986742
0.986447
0.986106
0.986014
0.985504
0.984974
0.984863
0.984688
0.984463
0.984036
0.983304
0.983307
0.983387
0.982598
0.971031
0.969614
0.974456
0.965871
0.935420
0.833547
0.803185
0.715103
0.723643
0.684507
0.662606
0.657918
0.608205
0.589744
0.593998
0.618031
0.626164
0.637490
0.687121
0.665579
0.668311
0.662207
0.673202
0.683376
0.691630
0.693657
0.691275
0.689738
0.690648
0.695346
0.694120
0.698225
0.697355
0.699233
0.700754
0.703317
0.702202
0.701211
0.702657
0.704275
0.704421
0.703572
0.701403
0.692304
0.670523
0.673604
0.713178
0.689810
0.646054
0.647433
0.676776
0.662998
0.642241
0.640700
0.606596
0.608397
0.587778
0.592765
0.602999
0.577285
0.586132
0.594205
0.571774
0.574606
0.551326
0.552040
0.573471
0.561408
0.564410
0.573099
0.574617
0.547602
0.576591
0.569980
0.562213
0.561860
0.571893
0.572875
0.577366
0.573159
0.565391
0.575791
0.575712
0.572535
0.549889
0.559722
0.558468
0.583845
0.572340
0.567665
0.584252
0.573262
0.565917
0.561872
0.561620
0.573410
0.568700
0.573698
0.570998
0.622791
0.807517
0.944444
0.968554
0.972756
0.978697
0.976396
0.975509
0.977705
0.978748
0.980100
0.979340
0.980596
0.980892
0.981068
0.981669
0.981505
0.982170
0.981751
0.982679
0.982938
0.983029
0.983526
0.982815
0.983618
0.983303
0.982257
0.981613
0.979965
0.976612
0.967911
0.974592
0.974116
0.971789
0.972628
0.971628
0.972319
0.972289
0.973121
0.971244
0.972300
0.970548
0.970680
0.971300
0.974681
0.975324
0.976306
0.974226
0.977283
0.976892
0.977947
0.979603
0.978737
0.979773
0.979784
0.979764
0.980885
0.980545
0.981631
0.982541
0.982259
0.983018
0.983245
0.983631
0.983208
0.983389
0.983884
0.984353
0.984560
0.984987
0.985508
0.986343
0.987139
0.987179
0.987085
0.986737
0.986392
0.985967
0.986007
0.985601
0.985251
0.984757
0.984435
0.984522
0.984619
0.983625
0.978395
0.974354
0.970412
0.976872
0.955007
0.932876
0.866997
0.816196
0.778180
0.718432
0.658896
0.647886
0.623992
0.625814
0.618187
0.620702
0.598001
0.570859
0.578981
0.568149
0.569521
0.604869
0.642857
0.637547
0.650474
0.652455
0.657002
0.666072
0.663350
0.668891
0.670717
0.668414
0.668906
0.670562
0.673965
0.671213
0.672480
0.672091
0.669743
0.670879
0.668726
0.669735
0.670569
0.669371
0.667195
0.666780
0.671506
0.666679
0.649181
0.669170
0.692432
0.708398
0.635486
0.625281
0.661006
0.657165
0.640822
0.612176
0.606813
0.604646
0.594739
0.594171
0.589865
0.585660
0.576676
0.592409
0.581133
0.587786
0.583718
0.728852
0.877612
0.948954
0.969585
0.976261
0.976999
0.976257
0.976559
0.976326
0.978098
0.976801
0.976857
0.977566
0.979278
0.980970
0.981690
0.980617
0.980025
0.980112
0.981588
0.981306
0.982281
0.982813
0.982975
0.982904
0.982158
0.980988
0.979120
0.974929
0.971663
0.969467
0.971522
0.969777
0.970670
0.966049
0.970496
0.967044
0.967883
0.966124
0.965362
0.964550
0.965569
0.963275
0.966782
0.967772
0.968775
0.971281
0.969238
0.969515
0.970785
0.973089
0.970543
0.974562
0.970818
0.974885
0.973773
0.975045
0.976368
0.976934
0.977118
0.978191
0.978809
0.978791
0.978901
0.980151
0.981010
0.980759
0.981316
0.980785
0.982693
0.983219
0.984140
0.985692
0.986449
0.986318
0.986194
0.985533
0.984878
0.984317
0.983747
0.983208
0.982747
0.982187
0.981997
0.982018
0.981378
0.981535
0.977076
0.965658
0.967794
0.943073
0.913156
0.856788
0.798084
0.723429
0.723616
0.725477
0.741180
0.730940
0.747583
0.734354
0.743450
0.741797
0.738589
0.733958
0.730523
0.730795
0.730980
0.731432
0.731911
0.730931
0.731415
0.729084
0.727756
0.726992
0.727547
0.728479
0.729712
0.730888
0.730268
0.729109
0.728119
0.740046
0.732631
0.759671
0.782926
0.750965
0.719208
0.708999
0.682056
0.673463
0.646364
0.636945
0.618480
0.584395
0.602844
0.588225
0.588245
0.594042
0.572249
0.584134
0.586496
0.584370
0.571897
0.582053
0.569477
0.578368
0.555482
0.569600
0.552010
0.563833
0.572796
0.643633
0.860069
0.958329
0.970638
0.976819
0.979559
0.978801
0.978606
0.977431
0.979283
0.979722
0.979785
0.979069
0.980124
0.982511
0.981723
0.981614
0.982029
0.982187
0.982276
0.982573
0.982569
0.981987
0.981670
0.982755
0.982259
0.981152
0.978710
0.972957
0.972164
0.975748
0.974529
0.972287
0.973175
0.970014
0.973337
0.968068
0.973374
0.971814
0.970756
0.971489
0.974095
0.970563
0.970690
0.971945
0.973544
0.974372
0.975259
0.976358
0.977732
0.979080
0.979653
0.979064
0.979734
0.980764
0.981860
0.982331
0.982413
0.982684
0.983253
0.983865
0.983595
0.983949
0.984344
0.984014
0.984000
0.983912
0.984223
0.985018
0.985161
0.986290
0.986578
0.986422
0.986268
0.986336
0.985971
0.985567
0.985323
0.985338
0.985307
0.984459
0.984378
0.984273
0.984021
0.983398
0.982415
0.976222
0.974013
0.974324
0.957370
0.937840
0.874507
0.784901
0.717972
0.701080
0.680069
0.646793
0.636850
0.624590
0.629397
0.638028
0.662276
0.678642
0.689203
0.692494
0.696919
0.699692
0.701032
0.707237
0.706173
0.705678
0.705222
0.709409
0.711103
0.710904
0.710825
0.710703
0.712081
0.712365
0.713996
0.714209
0.713970
0.715335
0.712357
0.701645
0.675376
0.665397
0.702657
0.703316
0.639001
0.641957
0.670182
0.644058
0.621870
0.628993
0.627775
0.601578
0.602073
0.598149
0.574916
0.582422
0.567836
0.564178
0.579565
0.570364
0.672163
0.841023
0.927624
0.969374
0.974787
0.977752
0.978483
0.977295
0.979040
0.979099
0.979086
0.979068
0.980451
0.980037
0.980592
0.981438
0.981495
0.981963
0.982411
0.982316
0.982728
0.982896
0.982635
0.982245
0.983023
0.981737
0.980637
0.978574
0.975184
0.971708
0.969517
0.968112
0.966509
0.969622
0.971168
0.968140
0.967540
0.968958
0.965981
0.967243
0.968343
0.963834
0.965581
0.967719
0.967116
0.966990
0.970906
0.969263
0.971147
0.971709
0.975065
0.975589
0.975191
0.975048
0.975050
0.975013
0.975388
0.977038
0.978377
0.978652
0.978779
0.979111
0.980677
0.981390
0.980916
0.982120
0.982386
0.982222
0.982882
0.984294
0.985097
0.986285
0.986687
0.986029
0.986132
0.985537
0.985201
0.984728
0.984227
0.982420
0.983421
0.983087
0.982788
0.982864
0.980686
0.982454
0.980400
0.969344
0.961231
0.941113
0.883775
0.843963
0.815456
0.726784
0.738000
0.715309
0.719397
0.701931
0.690805
0.682158
0.682056
0.679286
0.679713
0.683780
0.685570
0.688527
0.690403
0.689152
0.689474
0.688243
0.689144
0.687390
0.684174
0.684055
0.685428
0.685640
0.685730
0.684698
0.684034
0.683394
0.683230
0.681486
0.697095
0.718427
0.741533
0.753119
0.709240
0.717908
0.687772
0.670806
0.653928
0.629910
0.632736
0.609750
0.597707
0.593963
0.587777
0.592609
0.569979
0.594062
0.601315
0.605239
0.662834
0.784615
0.918952
0.960634
0.977339
0.976877
0.975503
0.975388
0.976733
0.977569
0.979739
0.978528
0.980663
0.980269
0.979424
0.979005
0.979843
0.980954
0.981232
0.981690
0.981897
0.981664
0.982547
0.982476
0.983100
0.982097
0.979785
0.978325
0.974418
0.974878
0.970300
0.971595
0.967569
0.969111
0.969859
0.967556
0.966196
0.966241
0.964439
0.966594
0.966061
0.965140
0.967979
0.968860
0.965908
0.967174
0.967856
0.970830
0.972933
0.971788
0.971353
0.971313
0.974965
0.974538
0.975093
0.976087
0.976713
0.977393
0.976108
0.977545
0.977497
0.979449
0.980051
0.979765
0.980323
0.980098
0.980947
0.981725
0.982455
0.983656
0.983940
0.984768
0.986277
0.986472
0.986082
0.985773
0.984710
0.984822
0.984520
0.984208
0.982980
0.982682
0.982313
0.981760
0.981913
0.981619
0.980747
0.975263
0.966035
0.948941
0.922311
0.843065
0.828131
0.752236
0.701682
0.689351
0.711667
0.739853
0.685094
0.678852
0.693061
0.691666
0.698555
0.704878
0.709560
0.707725
0.709515
0.709733
0.711021
0.712760
0.711807
0.712658
0.713191
0.713291
0.713711
0.713075
0.713174
0.712726
0.712954
0.712760
0.713421
0.700536
0.681157
0.694488
0.732017
0.744919
0.696725
0.717677
0.710348
0.692842
0.674309
0.638363
0.625791
0.618461
0.594003
0.578862
0.596757
0.593171
0.576671
0.566266
0.590432
0.602244
0.583147
0.572784
0.572369
0.575944
0.572267
0.583750
0.557879
0.572305
0.578906
0.551916
0.553565
0.572439
0.562645
0.573387
0.567447
0.562319
0.560819
0.569503
0.570117
0.569598
0.558268
0.554780
0.585609
0.586812
0.580644
0.561136
0.567933
0.573578
0.545923
0.561685
0.564604
0.572314
0.567145
0.583958
0.563606
0.594876
0.583341
0.588303
0.583461
0.561361
0.573796
0.577654
0.559289
0.569508
0.550715
0.551222
0.576373
0.571580
0.561584
0.552303
0.551527
0.588021
0.605722
0.577317
0.585707
0.563560
0.587955
0.575149
0.579645
0.569243
0.553171
0.577556
0.576799
0.577993
0.565208
0.561833
0.578980
0.565033
0.570669
0.579498
0.561834
0.589834
0.715938
0.875758
0.942576
0.972326
0.981146
0.981233
0.982201
0.982351
0.982149
0.981608
0.982736
0.983250
0.983342
0.982944
0.983711
0.983933
0.984816
0.984860
0.984543
0.983913
0.985127
0.984955
0.985289
0.985294
0.984238
0.984475
0.983719
0.982544
0.980443
0.977686
0.975864
0.975078
0.976172
0.975394
0.978381
0.977490
0.975728
0.971906
0.976661
0.973944
0.975309
0.975719
0.975715
0.975130
0.972971
0.976501
0.976780
0.975506
0.978561
0.979724
0.979007
0.979633
0.978793
0.980548
0.981923
0.981140
0.981282
0.982004
0.982462
0.983048
0.983397
0.983560
0.984193
0.984206
0.984091
0.983323
0.984341
0.985207
0.984994
0.986217
0.986785
0.987750
0.987827
0.988012
0.987534
0.987173
0.987016
0.986697
0.986322
0.985715
0.984550
0.984848
0.984565
0.984343
0.978498
0.974672
0.966732
0.980113
0.952781
0.940275
0.902618
0.805559
0.777129
0.703070
0.693892
0.674209
0.654232
0.672844
0.625631
0.635159
0.602082
0.595690
0.603420
0.576568
0.572424
0.577580
0.558602
0.562627
0.576586
0.574856
0.561681
0.579142
0.568708
0.579939
0.586128
0.618259
0.636453
0.663730
0.662911
0.700394
0.684722
0.678334
0.667756
0.663356
0.664237
0.659549
0.661289
0.665654
0.667949
0.672498
0.673573
0.674166
0.676574
0.679738
0.677418
0.679357
0.680238
0.680974
0.680353
0.681168
0.681263
0.681477
0.671663
0.678281
0.697973
0.738156
0.725327
0.665482
0.621707
0.651361
0.660912
0.640798
0.628107
0.629808
0.611754
0.597952
0.601921
0.597562
0.585727
0.588379
0.584272
0.595674
0.579097
0.560458
0.568981
0.577727
0.602345
0.780706
0.910752
0.965457
0.974924
0.980002
0.980477
0.979563
0.977779
0.979488
0.980630
0.980561
0.980248
0.982412
0.982538
0.982392
0.982961
0.982486
0.982782
0.983002
0.982974
0.982983
0.983452
0.983194
0.983973
0.983430
0.982757
0.982471
0.980678
0.978050
0.976857
0.969193
0.975249
0.973033
0.971489
0.972117
0.972005
0.971740
0.973472
0.969153
0.970681
0.968679
0.970671
0.969457
0.972988
0.973147
0.972606
0.971978
0.973690
0.975358
0.974578
0.972759
0.976447
0.976260
0.976582
0.977584
0.976906
0.979188
0.977725
0.979544
0.979408
0.979362
0.979972
0.981077
0.980676
0.981417
0.981343
0.981990
0.982360
0.982742
0.983663
0.984419
0.985452
0.986497
0.986822
0.986512
0.986329
0.985975
0.985837
0.984080
0.984697
0.984045
0.983645
0.983125
0.982915
0.983059
0.982839
0.982565
0.979701
0.968077
0.943698
0.885714
0.897203
0.864382
0.848993
0.727644
0.701763
0.711257
0.679333
0.682602
0.669541
0.698992
0.705012
0.713770
0.719186
0.718380
0.716350
0.714440
0.712517
0.712657
0.714686
0.715210
0.716328
0.715800
0.714451
0.716324
0.715259
0.713195
0.712823
0.712284
0.712066
0.712732
0.712003
0.714661
0.716249
0.706183
0.702444
0.715841
0.706527
0.664572
0.669947
0.676706
0.668669
0.641873
0.633244
0.628707
0.607666
0.603279
0.619804
0.599963
0.586723
0.587533
0.590210
0.597237
0.586447
0.575700
0.579015
0.576155
0.579948
0.601228
0.738778
0.870000
0.957657
0.968954
0.978958
0.980134
0.978734
0.980799
0.979365
0.978991
0.979186
0.979506
0.980686
0.981818
0.980684
0.980519
0.981586
0.980334
0.981970
0.981073
0.982159
0.983054
0.982612
0.983295
0.983214
0.983169
0.982320
0.981144
0.978106
0.973763
0.974753
0.971712
0.968144
0.972195
0.973381
0.971326
0.971618
0.971263
0.970248
0.968204
0.966748
0.970848
0.969173
0.968211
0.968536
0.971093
0.972959
0.975320
0.972677
0.975514
0.976734
0.976690
0.977402
0.977874
0.977577
0.977072
0.979171
0.979712
0.979098
0.980480
0.981220
0.981671
0.981870
0.981996
0.982442
0.982217
0.982915
0.983707
0.983618
0.984777
0.985162
0.986120
0.987172
0.987215
0.986855
0.986799
0.986625
0.985957
0.985459
0.985182
0.984362
0.983054
0.983707
0.983254
0.982767
0.982992
0.981370
0.973385
0.971088
0.957425
0.931353
0.851438
0.826212
0.721977
0.727817
0.724405
0.683382
0.679195
0.689892
0.669195
0.681034
0.685272
0.690237
0.699498
0.702922
0.701408
0.701317
0.701800
0.701158
0.702465
0.703202
0.702448
0.700256
0.701050
0.699847
0.698801
0.699140
0.699310
0.700490
0.701055
0.700542
0.699712
0.703431
0.698436
0.678694
0.720382
0.748329
0.719261
0.671309
0.661777
0.688851
0.638660
0.632252
0.620493
0.611767
0.630015
0.591598
0.584338
0.609714
0.750631
0.888843
0.949675
0.969668
0.978175
0.980510
0.979018
0.979874
0.978308
0.980533
0.979816
0.980647
0.980563
0.982092
0.981647
0.983008
0.981505
0.982314
0.981699
0.982328
0.982380
0.982786
0.983598
0.983524
0.983378
0.982850
0.982484
0.982217
0.977703
0.975409
0.975464
0.974491
0.974202
0.973563
0.970359
0.972719
0.971325
0.973177
0.971850
0.969889
0.969821
0.971789
0.971664
0.970749
0.970172
0.972576
0.972110
0.973455
0.976917
0.976000
0.975525
0.976954
0.976373
0.977760
0.979068
0.979164
0.979509
0.980415
0.980823
0.980775
0.981688
0.981676
0.982429
0.982869
0.982965
0.983371
0.983377
0.983235
0.984028
0.984912
0.985098
0.986208
0.986764
0.986997
0.986953
0.986490
0.985203
0.985761
0.985385
0.984290
0.984382
0.984558
0.983808
0.983848
0.983692
0.982985
0.982156
0.973613
0.969264
0.960641
0.920472
0.876390
0.830187
0.836768
0.808220
0.746843
0.784581
0.773605
0.772117
0.767462
0.767270
0.765550
0.767536
0.770084
0.769498
0.770199
0.772227
0.772154
0.771730
0.771214
0.771406
0.771518
0.769728
0.768837
0.768857
0.770341
0.770998
0.771376
0.771009
0.770475
0.771567
0.776817
0.788320
0.803087
0.793774
0.779876
0.770871
0.738818
0.660283
0.661435
0.638167
0.620897
0.618022
0.605885
0.604510
0.584492
0.589970
0.581266
0.581250
0.577533
0.576020
0.566081
0.584761
0.563782
0.555041
0.582438
0.584661
0.575550
0.579880
0.680645
0.826622
0.937418
0.967354
0.975357
0.979163
0.979609
0.979551
0.979420
0.980857
0.981586
0.982050
0.980986
0.981031
0.980472
0.981422
0.982004
0.983765
0.983737
0.983093
0.983386
0.983379
0.983741
0.983416
0.983038
0.982716
0.982378
0.980541
0.978395
0.976723
0.971973
0.972649
0.974070
0.970310
0.972551
0.974739
0.972017
0.971964
0.971573
0.972997
0.971389
0.970035
0.969764
0.969990
0.969323
0.972059
0.974503
0.974653
0.976153
0.974725
0.976597
0.976388
0.976874
0.977929
0.978216
0.978276
0.980347
0.980244
0.981490
0.980470
0.980975
0.981496
0.981674
0.982377
0.983094
0.982965
0.983503
0.984162
0.983402
0.984208
0.985674
0.985663
0.986972
0.987180
0.986753
0.986392
0.986428
0.985838
0.985525
0.984803
0.984588
0.984711
0.983698
0.983836
0.983817
0.983574
0.979117
0.971963
0.967877
0.963563
0.930770
0.885167
0.809143
0.738523
0.730960
0.679655
0.678864
0.653378
0.660117
0.704543
0.668898
0.673024
0.689483
0.707247
0.709695
0.706969
0.708337
0.709170
0.712234
0.715499
0.715392
0.715447
0.714539
0.715709
0.715729
0.716601
0.718570
0.719748
0.718348
0.717537
0.717312
0.718293
0.718939
0.716702
0.705188
0.680612
0.691594
0.729134
0.721565
0.663677
0.667916
0.689562
0.654233
0.671198
0.647144
0.627149
0.596109
0.607723
0.609095
0.602413
0.673709
0.800707
0.914656
0.953681
0.971602
0.978038
0.978352
0.979016
0.978479
0.978858
0.978042
0.979734
0.979373
0.978896
0.980017
0.981003
0.981464
0.980855
0.981756
0.981988
0.981602
0.981497
0.982383
0.982760
0.982537
0.981703
0.982388
0.982083
0.980471
0.978592
0.976484
0.974318
0.973244
0.973143
0.971316
0.970997
0.971563
0.968202
0.965456
0.967842
0.965887
0.964842
0.967729
0.965446
0.966325
0.967575
0.964838
0.964949
0.967032
0.946239
0.961974
0.965164
0.971496
0.972206
0.972498
0.946134
0.974055
0.976200
0.976811
0.977849
0.978919
0.979699
0.980606
0.981336
0.981424
0.982537
0.982484
0.982512
0.983589
0.984481
0.984773
0.985518
0.986575
0.987016
0.986929
0.986718
0.986249
0.986397
0.985238
0.968954
0.982741
0.975529
0.979765
0.983688
0.983413
0.983972
0.982302
0.980870
0.975016
0.973213
0.957604
0.938505
0.857453
0.860079
0.847728
0.795329
0.782166
0.762235
0.759462
0.760291
0.759500
0.763556
0.763566
0.761993
0.760490
0.758010
0.755664
0.753604
0.754605
0.752347
0.751835
0.753686
0.754747
0.755660
0.755925
0.755344
0.754916
0.754915
0.754869
0.755428
0.753704
0.764176
0.755658
0.772262
0.804630
0.792006
0.757632
0.772770
0.738749
0.695636
0.681287
0.661332
0.629675
0.623034
0.610566
0.599728
0.601878
0.597349
0.667716
0.836554
0.937476
0.972346
0.979143
0.981341
0.979955
0.981306
0.981505
0.981107
0.982569
0.982164
0.982552
0.982469
0.983460
0.982376
0.983178
0.983319
0.983088
0.983307
0.983607
0.983535
0.983302
0.984145
0.984031
0.983675
0.982941
0.981594
0.981398
0.975718
0.976438
0.976556
0.975143
0.972798
0.974974
0.974252
0.976076
0.974944
0.973341
0.974713
0.964531
0.971170
0.973697
0.973697
0.870745
0.960918
0.976367
0.976252
0.978109
0.978736
0.979653
0.980151
0.980949
0.981911
0.982151
0.982255
0.982639
0.983084
0.983322
0.984140
0.984288
0.984096
0.984684
0.984607
0.984653
0.985200
0.985093
0.985132
0.985632
0.986075
0.987228
0.987015
0.986677
0.987141
0.986856
0.985807
0.978927
0.981406
0.980072
0.973504
0.980618
0.981014
0.983022
0.980584
0.980101
0.982317
0.977124
0.969991
0.975536
0.956193
0.887905
0.869998
0.879220
0.814698
0.788165
0.794903
0.779641
0.765662
0.774790
0.773770
0.768228
0.766901
0.765135
0.763310
0.762369
0.762481
0.762233
0.763568
0.762013
0.762819
0.762511
0.761505
0.759871
0.758953
0.760138
0.760178
0.760292
0.760390
0.760635
0.760910
0.766785
0.766659
0.776184
0.806351
0.811809
0.813169
0.798240
0.756302
0.679975
0.673613
0.653977
0.673548
0.833681
0.936083
0.967688
0.976482
0.982737
0.981900
0.982362
0.981416
0.981866
0.982883
0.981318
0.981899
0.983229
0.983557
0.983963
0.983986
0.983658
0.984031
0.983215
0.983762
0.983944
0.984031
0.984036
0.983997
0.984177
0.983304
0.980483
0.979071
0.977315
0.976939
0.978060
0.976508
0.974435
0.975732
0.975528
0.974382
0.976950
0.974661
0.975757
0.975864
0.975439
0.973764
0.973524
0.975267
0.976949
0.976502
0.977450
0.978496
0.980005
0.978922
0.980331
0.981468
0.981922
0.981999
0.982272
0.982304
0.983035
0.983551
0.983461
0.983812
0.983616
0.984306
0.984100
0.984449
0.984556
0.984548
0.984895
0.985294
0.985502
0.986878
0.987145
0.987426
0.986664
0.987113
0.986852
0.986722
0.986426
0.986157
0.985617
0.985235
0.985408
0.985346
0.985364
0.984743
0.983020
0.984220
0.973530
0.938322
0.937778
0.935036
0.953235
0.934370
0.917838
0.896852
0.875809
0.877649
0.877733
0.880625
0.882905
0.883506
0.882859
0.884250
0.884424
0.884602
0.885062
0.884452
0.885419
0.885667
0.885094
0.884972
0.886321
0.887896
0.887445
0.887235
0.887226
0.887101
0.886284
0.886519
0.877091
0.886387
0.898329
0.899684
0.884292
0.882740
0.819944
0.709931
0.679027
0.639760
0.616001
0.621555
0.629968
0.623879
0.605173
0.608653
0.606153
0.600056
0.583098
0.581271
0.569557
0.583772
0.567468
0.580939
0.575833
0.584885
0.568916
0.562294
0.571035
0.577136
0.555207
0.559197
0.559894
0.570841
0.574224
0.579447
0.583979
0.587649
0.600927
0.582452
0.579384
0.579314
0.562856
0.563078
0.662660
0.845891
0.947336
0.976624
0.981587
0.980073
0.981741
0.981590
0.982248
0.983562
0.982672
0.983761
0.982695
0.982736
0.982557
0.982620
0.982341
0.982865
0.983055
0.983534
0.983564
0.983326
0.983628
0.983980
0.983612
0.983827
0.982975
0.979318
0.978023
0.976676
0.975482
0.978342
0.976502
0.977252
0.976669
0.975520
0.974317
0.975485
0.976101
0.974545
0.974216
0.976190
0.977342
0.974978
0.974644
0.977574
0.978799
0.978763
0.978719
0.978602
0.979824
0.981274
0.981858
0.981637
0.981957
0.981907
0.982214
0.983593
0.983512
0.983293
0.983993
0.983453
0.984027
0.984614
0.984150
0.984979
0.984929
0.985186
0.985786
0.986698
0.987302
0.987575
0.987349
0.986852
0.986760
0.986976
0.986837
0.986401
0.985829
0.985774
0.985451
0.982773
0.985040
0.984624
0.980086
0.980124
0.973496
0.968546
0.929868
0.931953
0.837344
0.815778
0.774469
0.700497
0.692609
0.647511
0.640019
0.646626
0.564956
0.610071
0.617286
0.648558
0.643072
0.673420
0.710886
0.724134
0.734388
0.738835
0.745005
0.742448
0.744207
0.744717
0.744475
0.744487
0.744516
0.742463
0.740960
0.741515
0.739660
0.739328
0.740814
0.740798
0.741168
0.741946
0.742306
0.742922
0.742530
0.739912
0.731601
0.724469
0.735887
0.756705
0.695900
0.658972
0.705442
0.668527
0.651895
0.634818
0.614088
0.625173
0.612929
0.617137
0.599536
0.578687
0.581877
0.584139
0.572229
0.576026
0.577464
0.586175
0.579023
0.578569
0.569296
0.578093
0.576480
0.573305
0.582174
0.586634
0.567138
0.562335
0.569652
0.558082
0.579052
0.568993
0.569374
0.581535
0.586327
0.557020
0.570991
0.595047
0.571840
0.581059
0.582175
0.568473
0.580285
0.583298
0.581913
0.566685
0.571517
0.579631
0.585075
0.582412
0.584320
0.581120
0.577870
0.568013
0.568086
0.568436
0.568347
0.593953
0.562860
0.655875
0.849798
0.947832
0.971679
0.981283
0.981748
0.982867
0.982089
0.982254
0.981762
0.982961
0.984198
0.983569
0.983515
0.984914
0.985083
0.984699
0.984731
0.985493
0.985328
0.985015
0.985268
0.985447
0.984966
0.985446
0.984652
0.984744
0.983263
0.980829
0.978796
0.976872
0.978683
0.978970
0.976235
0.978037
0.977689
0.975434
0.975136
0.977907
0.975821
0.978187
0.974906
0.977321
0.975552
0.977335
0.977589
0.978154
0.978752
0.979938
0.981475
0.980662
0.981661
0.981071
0.982689
0.982484
0.982095
0.983132
0.983459
0.983725
0.983767
0.984624
0.984700
0.985162
0.985454
0.984351
0.985386
0.985406
0.985077
0.985759
0.986262
0.987340
0.988090
0.987998
0.987717
0.987730
0.987501
0.987620
0.987011
0.986564
0.986182
0.986162
0.985812
0.985722
0.983973
0.985024
0.976278
0.972875
0.970264
0.980942
0.969329
0.928724
0.868404
0.798525
0.737347
0.707062
0.719262
0.675712
0.629022
0.625471
0.614238
0.619491
0.582207
0.578932
0.594434
0.579554
0.577692
0.570350
0.593981
0.627645
0.646804
0.687200
0.627565
0.649169
0.644306
0.638794
0.628404
0.630805
0.634871
0.632115
0.631892
0.634240
0.636316
0.633333
0.635002
0.634684
0.634180
0.635774
0.636053
0.635879
0.635594
0.637354
0.636229
0.636105
0.633701
0.631623
0.640277
0.650869
0.706141
0.693344
0.633407
0.643488
0.684874
0.648082
0.633675
0.610275
0.641301
0.609755
0.602983
0.595105
0.584570
0.583571
0.602259
0.602934
0.579928
0.601658
0.581853
0.579916
0.590786
0.581277
0.585173
0.559897
0.564915
0.566003
0.592400
0.589533
0.560037
0.576875
0.587416
0.701079
0.870709
0.943454
0.971802
0.980385
0.981673
0.980940
0.980899
0.982057
0.982858
0.981822
